ATGGAGAGCCTTGTCCCTGGTTTCA	9-C	0,1,2,3,4,5,6,7,8,9,10,11,12,13,14,15,16,17,18,19,20,21,22,23,24,25,26,27,28,29,30,31,32,33,34,35,36,37,38,39,40,41,42,43,44,45,46,47,48,49,50,51,52,53,54,55,56,57,58,59,60,61,62,63,64,65,66,67,68,69,70,71,72,73,74,75,76,77,78,79,81,82,83,84,85,86,87,88,89,90,91,92,93,94,95,96,97
TGAAACCAGGGACAAGGCTCTCCAT	9-C	0,1,2,3,4,5,6,7,8,9,10,11,12,13,14,15,16,17,18,19,20,21,22,23,24,25,26,27,28,29,30,31,32,33,34,35,36,37,38,39,40,41,42,43,44,45,46,47,48,49,50,51,52,53,54,55,56,57,58,59,60,61,62,63,64,65,66,67,68,69,70,71,72,73,74,75,76,77,78,79,81,82,83,84,85,86,87,88,89,90,91,92,93,94,95,96,97
ATGGAGAGCTTTGTCCCTGGTTTCA	9-T	80
TGAAACCAGGGACAAAGCTCTCCAT	9-T	80
ACACGTCCAACTCAGTTTGCCTGTT	47-C	0,1,2,3,4,5,6,7,8,9,10,11,12,13,14,15,16,17,18,19,20,21,22,23,24,25,26,27,28,29,30,31,32,33,34,35,36,37,38,39,40,41,42,43,44,45,46,47,48,49,50,51,52,53,54,55,56,57,58,59,60,61,62,63,64,65,66,67,68,69,70,71,72,74,75,76,77,78,79,80,81,82,83,84,85,86,87,88,89,90,91,92,93,94,95,96,97
AACAGGCAAACTGAGTTGGACGTGT	47-C	0,1,2,3,4,5,6,7,8,9,10,11,12,13,14,15,16,17,18,19,20,21,22,23,24,25,26,27,28,29,30,31,32,33,34,35,36,37,38,39,40,41,42,43,44,45,46,47,48,49,50,51,52,53,54,55,56,57,58,59,60,61,62,63,64,65,66,67,68,69,70,71,72,74,75,76,77,78,79,80,81,82,83,84,85,86,87,88,89,90,91,92,93,94,95,96,97
ACACGTCCAACTTAGTTTGCCTGTT	47-T	73
AACAGGCAAACTAAGTTGGACGTGT	47-T	73
TTTACAGGTTCGCGACGTGCTCGTA	71-C	0,1,2,3,4,5,6,7,8,9,10,11,12,13,14,15,16,17,18,19,20,21,22,23,24,25,26,27,28,29,30,31,32,33,34,35,36,37,38,39,40,41,42,43,44,45,46,47,48,49,50,51,52,53,54,55,56,57,58,59,60,61,62,63,64,65,66,67,68,69,70,71,72,73,74,75,76,77,78,79,80,81,82,83,84,86,87,88,89,90,91,92,93,94,95,96,97
TACGAGCACGTCGCGAACCTGTAAA	71-C	0,1,2,3,4,5,6,7,8,9,10,11,12,13,14,15,16,17,18,19,20,21,22,23,24,25,26,27,28,29,30,31,32,33,34,35,36,37,38,39,40,41,42,43,44,45,46,47,48,49,50,51,52,53,54,55,56,57,58,59,60,61,62,63,64,65,66,67,68,69,70,71,72,73,74,75,76,77,78,79,80,81,82,83,84,86,87,88,89,90,91,92,93,94,95,96,97
TTTACAGGTTCGTGACGTGCTCGTA	71-T	85
TACGAGCACGTCACGAACCTGTAAA	71-T	85
ACGTGGCTTTGGAGACTCCGTGGAG	95-A	0,1,2,3,4,5,6,7,8,9,10,11,12,13,14,15,16,17,18,19,20,21,22,23,24,25,26,27,28,29,30,31,32,33,34,35,36,37,38,39,40,41,42,43,44,45,46,47,48,49,50,51,52,53,54,55,56,57,58,59,60,61,62,63,64,65,66,67,68,69,71,72,73,74,75,76,77,78,79,80,81,82,83,84,85,86,87,88,89,90,91,92,93,94,95,96,97
CTCCACGGAGTCTCCAAAGCCACGT	95-A	0,1,2,3,4,5,6,7,8,9,10,11,12,13,14,15,16,17,18,19,20,21,22,23,24,25,26,27,28,29,30,31,32,33,34,35,36,37,38,39,40,41,42,43,44,45,46,47,48,49,50,51,52,53,54,55,56,57,58,59,60,61,62,63,64,65,66,67,68,69,71,72,73,74,75,76,77,78,79,80,81,82,83,84,85,86,87,88,89,90,91,92,93,94,95,96,97
ACGTGGCTTTGGGGACTCCGTGGAG	95-G	70
CTCCACGGAGTCCCCAAAGCCACGT	95-G	70
CGTGGAGGAGGTCTTATCAGAGGCA	113-C	0,1,2,3,4,5,6,7,8,9,10,11,12,13,14,15,16,17,18,19,20,21,22,23,24,25,26,27,28,29,30,31,32,33,34,35,36,37,38,39,40,41,42,43,44,45,46,47,48,49,50,51,52,53,54,55,56,57,58,59,60,61,62,63,64,65,66,67,68,69,70,71,72,73,74,75,76,77,78,79,80,81,82,83,85,86,87,88,89,90,91,92,93,94,95,96,97
TGCCTCTGATAAGACCTCCTCCACG	113-C	0,1,2,3,4,5,6,7,8,9,10,11,12,13,14,15,16,17,18,19,20,21,22,23,24,25,26,27,28,29,30,31,32,33,34,35,36,37,38,39,40,41,42,43,44,45,46,47,48,49,50,51,52,53,54,55,56,57,58,59,60,61,62,63,64,65,66,67,68,69,70,71,72,73,74,75,76,77,78,79,80,81,82,83,85,86,87,88,89,90,91,92,93,94,95,96,97
CGTGGAGGAGGTAAAATCAGAGGCA	113-A	84
TGCCTCTGATTTTACCTCCTCCACG	113-A	84
TGAAAAAGGCGTTTTGCCTCAACTT	179-T	0,1,2,3,4,5,6,7,8,9,10,11,12,13,14,15,16,17,18,19,20,21,22,23,24,25,26,27,28,29,30,31,32,33,34,35,36,37,38,39,40,41,42,43,44,45,46,47,48,49,50,51,52,53,54,55,56,57,58,59,60,61,62,63,64,65,66,67,68,69,70,72,73,74,75,76,77,78,79,80,81,82,83,84,85,86,87,88,89,90,91,92,93,94,95,96,97
AAGTTGAGGCAAAACGCCTTTTTCA	179-T	0,1,2,3,4,5,6,7,8,9,10,11,12,13,14,15,16,17,18,19,20,21,22,23,24,25,26,27,28,29,30,31,32,33,34,35,36,37,38,39,40,41,42,43,44,45,46,47,48,49,50,51,52,53,54,55,56,57,58,59,60,61,62,63,64,65,66,67,68,69,70,72,73,74,75,76,77,78,79,80,81,82,83,84,85,86,87,88,89,90,91,92,93,94,95,96,97
TGAAAAAGGCGTCTTGCCTCAACTT	179-C	71
AAGTTGAGGCAAGACGCCTTTTTCA	179-C	71
TGTTATGGTTGAGCTGGTAGCAGAA	260-G	0,1,2,3,4,5,6,7,9,10,11,12,13,14,15,16,17,18,19,20,21,22,23,24,25,26,27,28,29,30,31,32,33,34,35,36,37,38,39,40,41,42,43,44,45,46,47,48,49,50,51,52,53,54,55,56,57,58,59,60,61,62,63,64,65,66,67,68,69,70,71,72,73,74,75,76,77,78,79,80,81,82,83,84,85,86,87,88,89,90,91,93,94,95,96,97
TTCTGCTACCAGCTCAACCATAACA	260-G	0,1,2,3,4,5,6,7,9,10,11,12,13,14,15,16,17,18,19,20,21,22,23,24,25,26,27,28,29,30,31,32,33,34,35,36,37,38,39,40,41,42,43,44,45,46,47,48,49,50,51,52,53,54,55,56,57,58,59,60,61,62,63,64,65,66,67,68,69,70,71,72,73,74,75,76,77,78,79,80,81,82,83,84,85,86,87,88,89,90,91,93,94,95,96,97
TGTTATGGTTGATCTGGTAGCAGAA	260-T	8,92
TTCTGCTACCAGATCAACCATAACA	260-T	8,92
GGTCGTAGTGGTGAGACACTTGGTG	303-G	0,1,2,3,4,5,6,7,8,9,10,11,12,13,14,15,16,17,18,19,20,21,22,23,24,25,26,27,28,29,30,31,32,33,34,35,36,37,38,39,40,41,42,43,44,45,46,47,48,49,50,51,52,53,54,55,56,57,58,59,60,61,62,63,65,66,67,68,69,70,71,72,73,74,75,76,77,78,79,80,81,82,84,85,86,87,88,89,90,91,92,93,94,95,96,97
CACCAAGTGTCTCACCACTACGACC	303-G	0,1,2,3,4,5,6,7,8,9,10,11,12,13,14,15,16,17,18,19,20,21,22,23,24,25,26,27,28,29,30,31,32,33,34,35,36,37,38,39,40,41,42,43,44,45,46,47,48,49,50,51,52,53,54,55,56,57,58,59,60,61,62,63,65,66,67,68,69,70,71,72,73,74,75,76,77,78,79,80,81,82,84,85,86,87,88,89,90,91,92,93,94,95,96,97
GGTCGTAGTGGTAAGACACTTGGTG	303-A	64,83
CACCAAGTGTCTTACCACTACGACC	303-A	64,83
CCCTCATGTGGGCGAAATACCAGTG	335-C	0,1,2,3,4,5,6,7,8,9,10,11,12,13,14,15,16,17,18,19,20,21,22,23,24,25,26,27,28,29,30,31,32,33,34,35,36,37,38,39,40,41,42,43,44,45,46,47,48,49,50,51,52,53,54,55,56,57,58,59,60,61,62,63,64,65,66,67,68,69,70,71,72,73,74,75,76,77,78,79,80,82,83,84,85,86,87,88,89,90,91,92,93,94,95,96,97
CACTGGTATTTCGCCCACATGAGGG	335-C	0,1,2,3,4,5,6,7,8,9,10,11,12,13,14,15,16,17,18,19,20,21,22,23,24,25,26,27,28,29,30,31,32,33,34,35,36,37,38,39,40,41,42,43,44,45,46,47,48,49,50,51,52,53,54,55,56,57,58,59,60,61,62,63,64,65,66,67,68,69,70,71,72,73,74,75,76,77,78,79,80,82,83,84,85,86,87,88,89,90,91,92,93,94,95,96,97
CCCTCATGTGGGTGAAATACCAGTG	335-T	81
CACTGGTATTTCACCCACATGAGGG	335-T	81
TGGTGGCCATAGTTACGGCGCCGAT	404-T	0,1,2,10,11,12,13,14,15,16,17,18,19,20,21,22,43,44,45,46,47,48,49,50,51,52,53,54,55,56,57,58,59,60,61,62,63,64,65,66,67,68,69,70,71,72,73,74,75,76,77,78,79,80,81,82,83,84,85,86,87,88,89,90,91,92,93,94,95,96,97
ATCGGCGCCGTAACTATGGCCACCA	404-T	0,1,2,10,11,12,13,14,15,16,17,18,19,20,21,22,43,44,45,46,47,48,49,50,51,52,53,54,55,56,57,58,59,60,61,62,63,64,65,66,67,68,69,70,71,72,73,74,75,76,77,78,79,80,81,82,83,84,85,86,87,88,89,90,91,92,93,94,95,96,97
TGGTGGCCATAGGTACGGCGCCGAT	404-G	3,4,5,6,7,8,9,23,24,25,26,27,28,29,30,31,32,33,34,35,36,37,38,39,40,41,42
ATCGGCGCCGTACCTATGGCCACCA	404-G	3,4,5,6,7,8,9,23,24,25,26,27,28,29,30,31,32,33,34,35,36,37,38,39,40,41,42
TACGGCGCCGATCTAAAGTCATTTG	417-C	0,1,2,3,5,6,7,8,9,10,11,12,13,14,15,16,17,18,19,20,21,22,23,24,25,26,27,28,29,30,31,32,33,34,35,36,37,38,39,43,44,45,46,47,48,49,50,51,52,53,54,55,56,57,58,59,60,61,62,63,64,65,66,67,68,69,70,71,72,73,75,76,77,78,79,80,81,82,83,84,85,86,87,88,89,90,91,92,93,94,95,96,97
CAAATGACTTTAGATCGGCGCCGTA	417-C	0,1,2,3,5,6,7,8,9,10,11,12,13,14,15,16,17,18,19,20,21,22,23,24,25,26,27,28,29,30,31,32,33,34,35,36,37,38,39,43,44,45,46,47,48,49,50,51,52,53,54,55,56,57,58,59,60,61,62,63,64,65,66,67,68,69,70,71,72,73,75,76,77,78,79,80,81,82,83,84,85,86,87,88,89,90,91,92,93,94,95,96,97
TACGGCGCCGATCTAGACTTAGGCG	417-C	4,40,41,42
CGCCTAAGTCTAGATCGGCGCCGTA	417-C	4,40,41,42
TACGGCGCCGATTTAAAGTCATTTG	417-T	74
CAAATGACTTTAAATCGGCGCCGTA	417-T	74
ATTTGACTTAGGCGACGAGCTTGGC	437-C	0,1,2,3,5,6,7,8,9,10,11,12,13,14,15,16,17,18,19,20,21,22,23,24,25,26,27,28,29,30,31,32,33,34,35,36,37,38,39,43,44,45,46,47,48,49,50,51,52,53,54,55,56,57,58,59,60,61,62,63,64,65,66,67,68,69,70,71,72,73,74,75,76,77,78,79,80,81,82,84,85,86,87,88,89,90,91,92,93,94,95,96,97
GCCAAGCTCGTCGCCTAAGTCAAAT	437-C	0,1,2,3,5,6,7,8,9,10,11,12,13,14,15,16,17,18,19,20,21,22,23,24,25,26,27,28,29,30,31,32,33,34,35,36,37,38,39,43,44,45,46,47,48,49,50,51,52,53,54,55,56,57,58,59,60,61,62,63,64,65,66,67,68,69,70,71,72,73,74,75,76,77,78,79,80,81,82,84,85,86,87,88,89,90,91,92,93,94,95,96,97
TCTAGACTTAGGCGACGAGCTTGGC	437-C	4,40,41,42
GCCAAGCTCGTCGCCTAAGTCTAGA	437-C	4,40,41,42
ATTTGACTTAGGTGACGAGCTTGGC	437-T	83
GCCAAGCTCGTCACCTAAGTCAAAT	437-T	83
ATCCTTATGAAGATTTTCAAGAAAA	466-A	0,1,2,3,4,5,7,8,9,10,11,12,14,15,16,17,18,19,20,21,22,23,24,25,26,27,28,29,30,31,32,33,34,35,36,37,38,39,40,41,42,43,44,45,46,47,48,49,50,51,52,53,54,55,56,57,58,59,60,61,62,63,64,65,66,67,68,69,70,71,72,73,74,75,76,77,78,79,80,81,82,83,84,85,86,87,88,89,90,91,92,93,94,95,96,97
TTTTCTTGAAAATCTTCATAAGGAT	466-A	0,1,2,3,4,5,7,8,9,10,11,12,14,15,16,17,18,19,20,21,22,23,24,25,26,27,28,29,30,31,32,33,34,35,36,37,38,39,40,41,42,43,44,45,46,47,48,49,50,51,52,53,54,55,56,57,58,59,60,61,62,63,64,65,66,67,68,69,70,71,72,73,74,75,76,77,78,79,80,81,82,83,84,85,86,87,88,89,90,91,92,93,94,95,96,97
ATCCTTATGAAGGTTTTCAAGAAAA	466-G	6
TTTTCTTGAAAACCTTCATAAGGAT	466-G	6
ATCCTTATGAAGACTTTCAAGAAAA	466-A	13
TTTTCTTGAAAGTCTTCATAAGGAT	466-A	13
TCCTTATGAAGATTTTCAAGAAAAC	467-T	0,1,2,3,4,5,7,8,9,10,11,12,14,15,16,17,18,19,20,21,22,23,24,25,26,27,28,29,30,31,32,33,34,35,36,37,38,39,40,41,42,43,44,45,46,47,48,49,50,51,52,53,54,55,56,57,58,59,60,61,62,63,64,65,66,67,68,69,70,71,72,73,74,75,76,77,78,79,80,81,82,84,85,86,87,88,89,90,91,92,93,94,95,96,97
GTTTTCTTGAAAATCTTCATAAGGA	467-T	0,1,2,3,4,5,7,8,9,10,11,12,14,15,16,17,18,19,20,21,22,23,24,25,26,27,28,29,30,31,32,33,34,35,36,37,38,39,40,41,42,43,44,45,46,47,48,49,50,51,52,53,54,55,56,57,58,59,60,61,62,63,64,65,66,67,68,69,70,71,72,73,74,75,76,77,78,79,80,81,82,84,85,86,87,88,89,90,91,92,93,94,95,96,97
TCCTTATGAAGGTTTTCAAGAAAAC	467-T	6
GTTTTCTTGAAAACCTTCATAAGGA	467-T	6
TCCTTATGAAGACTTTCAAGAAAAC	467-C	13
GTTTTCTTGAAAGTCTTCATAAGGA	467-C	13
TCCTTATGAAGATTTTCAAGAAAAT	467-T	83
ATTTTCTTGAAAATCTTCATAAGGA	467-T	83
CTATGTCGATAACAACTTCTGTGGC	563-C	0,1,2,3,4,5,6,7,8,9,10,11,12,13,14,15,16,17,18,19,20,21,22,23,24,25,26,27,28,29,30,31,32,33,34,35,36,37,38,40,41,42,43,44,45,46,47,48,49,50,51,52,53,54,55,56,57,58,59,60,61,62,63,64,65,66,67,68,69,70,71,72,73,74,75,77,78,79,80,81,82,83,84,85,86,87,88,89,90,91,92,93,94,95,96,97
GCCACAGAAGTTGTTATCGACATAG	563-C	0,1,2,3,4,5,6,7,8,9,10,11,12,13,14,15,16,17,18,19,20,21,22,23,24,25,26,27,28,29,30,31,32,33,34,35,36,37,38,40,41,42,43,44,45,46,47,48,49,50,51,52,53,54,55,56,57,58,59,60,61,62,63,64,65,66,67,68,69,70,71,72,73,74,75,77,78,79,80,81,82,83,84,85,86,87,88,89,90,91,92,93,94,95,96,97
CTATGTCGATAACAATTTCTGTGGC	563-C	39
GCCACAGAAATTGTTATCGACATAG	563-C	39
CTATGTCGATAATAACTTCTGTGGC	563-T	76
GCCACAGAAGTTATTATCGACATAG	563-T	76
TGTCGATAACAACTTCTGTGGCCCT	566-C	0,1,2,3,4,5,6,7,8,9,10,11,12,13,14,15,16,17,18,19,20,21,22,23,24,25,26,27,28,29,30,31,32,33,34,35,36,37,38,40,41,42,43,44,45,46,47,48,49,50,51,52,53,54,55,56,57,58,59,60,61,62,63,64,65,66,67,68,69,70,71,72,73,74,75,77,78,79,80,81,82,83,84,85,86,87,88,89,90,91,92,93,94,95,96,97
AGGGCCACAGAAGTTGTTATCGACA	566-C	0,1,2,3,4,5,6,7,8,9,10,11,12,13,14,15,16,17,18,19,20,21,22,23,24,25,26,27,28,29,30,31,32,33,34,35,36,37,38,40,41,42,43,44,45,46,47,48,49,50,51,52,53,54,55,56,57,58,59,60,61,62,63,64,65,66,67,68,69,70,71,72,73,74,75,77,78,79,80,81,82,83,84,85,86,87,88,89,90,91,92,93,94,95,96,97
TGTCGATAACAATTTCTGTGGCCCT	566-T	39
AGGGCCACAGAAATTGTTATCGACA	566-T	39
TGTCGATAATAACTTCTGTGGCCCT	566-C	76
AGGGCCACAGAAGTTATTATCGACA	566-C	76
ATGCACTTTGTCCGAACAACTGGAC	647-C	0,1,2,3,4,5,6,7,8,9,10,12,13,14,15,16,17,18,19,20,21,22,23,24,25,26,27,28,29,30,31,32,33,34,35,36,37,38,39,40,41,42,43,44,45,46,47,48,49,50,51,52,53,54,55,56,57,58,59,60,61,62,63,64,65,66,67,68,69,70,71,72,73,74,75,76,77,78,79,80,81,82,83,84,85,86,87,88,89,90,91,92,93,94,95,96,97
GTCCAGTTGTTCGGACAAAGTGCAT	647-C	0,1,2,3,4,5,6,7,8,9,10,12,13,14,15,16,17,18,19,20,21,22,23,24,25,26,27,28,29,30,31,32,33,34,35,36,37,38,39,40,41,42,43,44,45,46,47,48,49,50,51,52,53,54,55,56,57,58,59,60,61,62,63,64,65,66,67,68,69,70,71,72,73,74,75,76,77,78,79,80,81,82,83,84,85,86,87,88,89,90,91,92,93,94,95,96,97
ATGCACTTTGTCTGAACAACTGGAC	647-T	11
GTCCAGTTGTTCAGACAAAGTGCAT	647-T	11
TAAATTGGCAAAGAAATTTGACACC	782-G	0,1,2,3,4,5,6,7,8,9,10,11,13,16,17,18,20,21,22,23,24,25,26,27,28,29,30,31,32,33,34,35,36,37,38,39,40,41,42,43,44,45,46,47,48,49,50,51,52,53,54,55,56,57,58,59,60,61,62,64,65,66,67,68,69,70,71,72,73,74,75,76,78,79,80,81,82,83,84,85,86,87,88,89,90,91,92,93,94,95,97
GGTGTCAAATTTCTTTGCCAATTTA	782-G	0,1,2,3,4,5,6,7,8,9,10,11,13,16,17,18,20,21,22,23,24,25,26,27,28,29,30,31,32,33,34,35,36,37,38,39,40,41,42,43,44,45,46,47,48,49,50,51,52,53,54,55,56,57,58,59,60,61,62,64,65,66,67,68,69,70,71,72,73,74,75,76,78,79,80,81,82,83,84,85,86,87,88,89,90,91,92,93,94,95,97
TAAATTGGCAAAGAAATTTGACATC	782-G	12,14,15,19,63,77
GATGTCAAATTTCTTTGCCAATTTA	782-G	12,14,15,19,63,77
TAAATTGGCAAATAAATTTGACACC	782-T	96
GGTGTCAAATTTATTTGCCAATTTA	782-T	96
AGAAATTTGACACCTTCAATGGGGA	793-C	0,1,2,3,4,5,6,7,8,9,10,11,13,16,17,18,20,21,22,23,24,25,26,27,28,29,30,31,32,33,34,35,36,37,38,39,40,41,42,43,44,45,46,47,48,49,50,51,52,53,54,55,56,57,58,59,60,61,62,64,65,66,67,68,69,70,71,72,73,74,75,76,78,79,80,81,82,83,84,85,86,87,88,89,90,91,92,93,94,95,97
TCCCCATTGAAGGTGTCAAATTTCT	793-C	0,1,2,3,4,5,6,7,8,9,10,11,13,16,17,18,20,21,22,23,24,25,26,27,28,29,30,31,32,33,34,35,36,37,38,39,40,41,42,43,44,45,46,47,48,49,50,51,52,53,54,55,56,57,58,59,60,61,62,64,65,66,67,68,69,70,71,72,73,74,75,76,78,79,80,81,82,83,84,85,86,87,88,89,90,91,92,93,94,95,97
AGAAATTTGACATCTTCAATGGGGA	793-T	12,14,15,19,63,77
TCCCCATTGAAGATGTCAAATTTCT	793-T	12,14,15,19,63,77
ATAAATTTGACACCTTCAATGGGGA	793-C	96
TCCCCATTGAAGGTGTCAAATTTAT	793-C	96
TCCAAATTTTGTATTTCCCTTAAAT	821-A	0,1,2,3,4,5,6,7,8,9,10,11,12,13,14,15,16,17,18,19,20,21,22,23,24,25,26,27,28,29,30,31,32,33,34,35,36,37,38,39,40,41,42,43,44,45,46,47,48,49,50,51,52,53,54,55,56,57,58,59,60,61,62,63,64,65,66,67,68,69,70,71,72,73,74,75,76,77,78,80,81,82,83,84,85,86,87,88,89,90,91,92,93,94,95,96,97
ATTTAAGGGAAATACAAAATTTGGA	821-A	0,1,2,3,4,5,6,7,8,9,10,11,12,13,14,15,16,17,18,19,20,21,22,23,24,25,26,27,28,29,30,31,32,33,34,35,36,37,38,39,40,41,42,43,44,45,46,47,48,49,50,51,52,53,54,55,56,57,58,59,60,61,62,63,64,65,66,67,68,69,70,71,72,73,74,75,76,77,78,80,81,82,83,84,85,86,87,88,89,90,91,92,93,94,95,96,97
TCCAAATTTTGTGTTTCCCTTAAAT	821-G	79
ATTTAAGGGAAACACAAAATTTGGA	821-G	79
ATCTGTCTATCCAGTTGCGTCACCA	914-A	0,1,2,3,4,5,6,7,9,10,11,12,13,14,15,16,17,18,19,20,21,22,23,24,25,26,27,28,29,30,31,32,33,34,35,36,37,38,39,40,41,42,43,44,45,46,47,48,49,50,51,52,53,54,55,56,57,58,59,60,61,62,63,64,65,66,67,68,69,70,71,72,73,74,75,76,78,79,80,83,84,85,86,87,88,90,91,92,93,94,95,96,97
TGGTGACGCAACTGGATAGACAGAT	914-A	0,1,2,3,4,5,6,7,9,10,11,12,13,14,15,16,17,18,19,20,21,22,23,24,25,26,27,28,29,30,31,32,33,34,35,36,37,38,39,40,41,42,43,44,45,46,47,48,49,50,51,52,53,54,55,56,57,58,59,60,61,62,63,64,65,66,67,68,69,70,71,72,73,74,75,76,78,79,80,83,84,85,86,87,88,90,91,92,93,94,95,96,97
ATCTGTCTATCCAGTTGCGTCACTA	914-A	8,81,82,89
TAGTGACGCAACTGGATAGACAGAT	914-A	8,81,82,89
ATCTGTCTATCCGGTTGCGTCACCA	914-G	77
TGGTGACGCAACCGGATAGACAGAT	914-G	77
CAGTTGCGTCACCAAATGAATGCAA	925-C	0,1,2,3,4,5,6,7,9,10,11,12,13,14,15,16,17,18,19,20,21,22,23,24,25,26,27,28,29,30,31,32,33,34,35,36,37,38,39,40,41,42,43,44,45,46,47,48,49,50,51,52,53,54,55,56,57,58,59,60,61,62,63,64,65,66,67,68,69,70,71,72,73,74,75,76,78,79,80,83,84,85,86,87,88,90,91,92,93,94,95,96,97
TTGCATTCATTTGGTGACGCAACTG	925-C	0,1,2,3,4,5,6,7,9,10,11,12,13,14,15,16,17,18,19,20,21,22,23,24,25,26,27,28,29,30,31,32,33,34,35,36,37,38,39,40,41,42,43,44,45,46,47,48,49,50,51,52,53,54,55,56,57,58,59,60,61,62,63,64,65,66,67,68,69,70,71,72,73,74,75,76,78,79,80,83,84,85,86,87,88,90,91,92,93,94,95,96,97
CAGTTGCGTCACTAAATGAATGCAA	925-T	8,81,82,89
TTGCATTCATTTAGTGACGCAACTG	925-T	8,81,82,89
CGGTTGCGTCACCAAATGAATGCAA	925-C	77
TTGCATTCATTTGGTGACGCAACCG	925-C	77
ATGGCAGACGGGCGATTTTGTTAAA	1001-C	0,1,2,3,4,5,6,7,8,9,10,11,12,13,14,15,16,17,18,19,20,21,22,23,24,25,26,27,28,29,30,31,32,33,34,35,36,37,38,39,40,41,42,43,44,45,46,47,48,49,50,51,52,53,54,55,56,57,58,59,60,61,62,63,64,65,66,67,68,69,70,71,72,73,74,75,76,77,78,79,80,81,82,83,84,85,86,87,88,90,91,92,93,94,95,96,97
TTTAACAAAATCGCCCGTCTGCCAT	1001-C	0,1,2,3,4,5,6,7,8,9,10,11,12,13,14,15,16,17,18,19,20,21,22,23,24,25,26,27,28,29,30,31,32,33,34,35,36,37,38,39,40,41,42,43,44,45,46,47,48,49,50,51,52,53,54,55,56,57,58,59,60,61,62,63,64,65,66,67,68,69,70,71,72,73,74,75,76,77,78,79,80,81,82,83,84,85,86,87,88,90,91,92,93,94,95,96,97
ATGGCAGACGGGTGATTTTGTTAAA	1001-T	89
TTTAACAAAATCACCCGTCTGCCAT	1001-T	89
TTTGACTAAAGAAGGTGCCACTACT	1055-A	0,1,2,3,4,5,6,7,8,9,10,11,12,13,14,15,16,17,18,19,20,21,22,23,24,25,26,27,28,29,30,31,32,33,34,35,36,37,38,39,40,41,42,43,44,45,46,47,48,49,50,51,52,53,54,55,56,57,58,59,60,62,63,64,65,66,67,68,69,70,71,72,73,74,75,76,77,78,79,80,81,82,83,84,85,86,87,88,89,90,91,92,93,94,95,96,97
AGTAGTGGCACCTTCTTTAGTCAAA	1055-A	0,1,2,3,4,5,6,7,8,9,10,11,12,13,14,15,16,17,18,19,20,21,22,23,24,25,26,27,28,29,30,31,32,33,34,35,36,37,38,39,40,41,42,43,44,45,46,47,48,49,50,51,52,53,54,55,56,57,58,59,60,62,63,64,65,66,67,68,69,70,71,72,73,74,75,76,77,78,79,80,81,82,83,84,85,86,87,88,89,90,91,92,93,94,95,96,97
TTTGACTAAAGACGGTGCCACTACT	1055-C	61
AGTAGTGGCACCGTCTTTAGTCAAA	1055-C	61
CTGTTGTTAAAATTTATTGTCCAGC	1102-T	0,1,2,3,4,5,6,7,8,9,10,11,12,13,14,15,16,17,18,19,20,21,22,23,24,25,26,27,28,29,30,31,32,33,34,35,36,37,38,39,40,41,42,43,44,45,46,47,48,49,50,53,54,55,56,57,58,59,60,61,62,63,64,65,66,67,68,69,70,71,72,73,74,75,76,77,78,79,80,81,82,83,84,85,86,87,88,89,90,91,92,93,94,95,96,97
GCTGGACAATAAATTTTAACAACAG	1102-T	0,1,2,3,4,5,6,7,8,9,10,11,12,13,14,15,16,17,18,19,20,21,22,23,24,25,26,27,28,29,30,31,32,33,34,35,36,37,38,39,40,41,42,43,44,45,46,47,48,49,50,53,54,55,56,57,58,59,60,61,62,63,64,65,66,67,68,69,70,71,72,73,74,75,76,77,78,79,80,81,82,83,84,85,86,87,88,89,90,91,92,93,94,95,96,97
CTGTTGTTAAAAGTTATTGTCCAGC	1102-G	51,52
GCTGGACAATAACTTTTAACAACAG	1102-G	51,52
TCTTGCCGAATACCATAATGAATCT	1160-C	0,1,2,3,4,5,6,7,8,9,10,11,12,13,14,15,16,17,18,19,20,21,22,23,24,25,26,27,28,29,30,32,33,34,35,36,37,38,39,40,41,42,43,44,45,46,47,48,49,50,51,52,53,54,55,56,57,58,59,60,61,62,63,64,65,66,67,68,69,70,71,72,73,74,75,76,77,78,79,80,81,82,83,84,85,86,87,88,89,90,91,92,93,94,95,96,97
AGATTCATTATGGTATTCGGCAAGA	1160-C	0,1,2,3,4,5,6,7,8,9,10,11,12,13,14,15,16,17,18,19,20,21,22,23,24,25,26,27,28,29,30,32,33,34,35,36,37,38,39,40,41,42,43,44,45,46,47,48,49,50,51,52,53,54,55,56,57,58,59,60,61,62,63,64,65,66,67,68,69,70,71,72,73,74,75,76,77,78,79,80,81,82,83,84,85,86,87,88,89,90,91,92,93,94,95,96,97
TCTTGCCGAATATCATAATGAATCT	1160-T	31
AGATTCATTATGATATTCGGCAAGA	1160-T	31
AGGGTGGTCGCACTATTGCCTTTGG	1207-C	0,1,2,3,4,5,6,7,8,9,10,11,12,13,14,15,16,17,18,19,20,21,22,23,24,25,26,27,28,29,30,31,32,33,34,35,36,37,38,39,40,41,42,43,44,45,46,47,48,49,50,51,52,53,54,55,56,57,58,59,60,61,62,63,64,65,66,67,69,70,71,72,73,74,75,76,77,78,79,80,81,82,83,84,85,86,87,88,89,90,91,92,93,94,95,96,97
CCAAAGGCAATAGTGCGACCACCCT	1207-C	0,1,2,3,4,5,6,7,8,9,10,11,12,13,14,15,16,17,18,19,20,21,22,23,24,25,26,27,28,29,30,31,32,33,34,35,36,37,38,39,40,41,42,43,44,45,46,47,48,49,50,51,52,53,54,55,56,57,58,59,60,61,62,63,64,65,66,67,69,70,71,72,73,74,75,76,77,78,79,80,81,82,83,84,85,86,87,88,89,90,91,92,93,94,95,96,97
AGGGTGGTCGCATTATTGCCTTTGG	1207-T	68
CCAAAGGCAATAATGCGACCACCCT	1207-T	68
AGGCTGTGTGTTCTCTTATGTTGGT	1232-C	0,1,2,3,4,5,6,7,8,9,10,11,12,13,14,15,16,18,19,20,21,22,23,24,25,26,27,28,29,30,31,32,33,34,35,36,37,38,39,40,41,42,43,44,45,46,47,48,49,50,51,52,53,54,55,56,57,58,59,60,61,62,63,64,65,66,67,68,69,70,71,72,73,74,75,76,77,78,79,80,81,82,83,84,85,86,87,88,89,90,91,92,93,94,95,96,97
ACCAACATAAGAGAACACACAGCCT	1232-C	0,1,2,3,4,5,6,7,8,9,10,11,12,13,14,15,16,18,19,20,21,22,23,24,25,26,27,28,29,30,31,32,33,34,35,36,37,38,39,40,41,42,43,44,45,46,47,48,49,50,51,52,53,54,55,56,57,58,59,60,61,62,63,64,65,66,67,68,69,70,71,72,73,74,75,76,77,78,79,80,81,82,83,84,85,86,87,88,89,90,91,92,93,94,95,96,97
AGGCTGTGTGTTTTCTTATGTTGGT	1232-T	17
ACCAACATAAGAAAACACACAGCCT	1232-T	17
GTTGTTGGAGAAGGTTCCGAAGGTC	1323-G	0,1,2,3,4,5,6,7,9,10,11,12,13,14,15,16,17,18,19,20,21,22,23,24,25,26,27,28,29,30,31,32,33,34,35,36,37,38,39,40,41,42,43,44,45,46,47,48,49,50,51,52,53,54,55,56,57,58,59,60,61,62,63,64,65,66,67,68,69,70,71,72,73,74,75,76,77,78,79,80,81,82,83,84,85,86,87,88,89,90,91,92,93,94,95,96,97
GACCTTCGGAACCTTCTCCAACAAC	1323-G	0,1,2,3,4,5,6,7,9,10,11,12,13,14,15,16,17,18,19,20,21,22,23,24,25,26,27,28,29,30,31,32,33,34,35,36,37,38,39,40,41,42,43,44,45,46,47,48,49,50,51,52,53,54,55,56,57,58,59,60,61,62,63,64,65,66,67,68,69,70,71,72,73,74,75,76,77,78,79,80,81,82,83,84,85,86,87,88,89,90,91,92,93,94,95,96,97
GTTGTTGGAGAAAGTTCCGAAGGTC	1323-A	8
GACCTTCGGAACTTTCTCCAACAAC	1323-A	8
CCAAAAAGAGAAAGTCAACATCAAT	1373-A	0,1,2,3,4,5,6,7,8,9,10,11,12,13,14,15,16,17,18,19,20,21,22,23,24,25,26,27,28,29,30,31,32,33,34,35,36,37,38,39,40,41,42,43,44,45,46,47,48,49,50,51,52,53,54,55,56,57,58,59,60,61,62,63,64,65,67,68,69,70,71,72,73,74,75,76,77,78,79,80,81,82,83,84,85,86,87,88,89,90,91,92,93,94,95,96,97
ATTGATGTTGACTTTCTCTTTTTGG	1373-A	0,1,2,3,4,5,6,7,8,9,10,11,12,13,14,15,16,17,18,19,20,21,22,23,24,25,26,27,28,29,30,31,32,33,34,35,36,37,38,39,40,41,42,43,44,45,46,47,48,49,50,51,52,53,54,55,56,57,58,59,60,61,62,63,64,65,67,68,69,70,71,72,73,74,75,76,77,78,79,80,81,82,83,84,85,86,87,88,89,90,91,92,93,94,95,96,97
CCAAAAAGAGAAGGTCAACATCAAT	1373-G	66
ATTGATGTTGACCTTCTCTTTTTGG	1373-G	66
TAATGAAGAGATCGCCATTATTTTG	1418-C	0,1,2,3,4,5,6,7,8,9,10,11,12,13,14,15,16,17,18,19,20,21,22,23,24,25,26,27,28,29,30,31,32,33,34,35,36,37,38,39,40,41,42,43,44,45,46,47,48,49,50,51,52,53,54,55,56,57,58,59,60,61,62,63,64,65,66,67,68,69,70,71,72,73,74,75,76,77,78,79,80,81,82,83,84,85,86,87,88,89,90,91,92,94,95,96,97
CAAAATAATGGCGATCTCTTCATTA	1418-C	0,1,2,3,4,5,6,7,8,9,10,11,12,13,14,15,16,17,18,19,20,21,22,23,24,25,26,27,28,29,30,31,32,33,34,35,36,37,38,39,40,41,42,43,44,45,46,47,48,49,50,51,52,53,54,55,56,57,58,59,60,61,62,63,64,65,66,67,68,69,70,71,72,73,74,75,76,77,78,79,80,81,82,83,84,85,86,87,88,89,90,91,92,94,95,96,97
TAATGAAGAGATTGCCATTATTTTG	1418-T	93
CAAAATAATGGCAATCTCTTCATTA	1418-T	93
GCATCAGAGGCTGCTCGTGTTGTAC	1620-G	0,1,2,3,4,5,6,7,8,9,10,11,12,13,14,15,16,17,18,19,20,21,22,23,24,25,26,27,28,29,30,31,32,33,34,35,36,37,38,39,40,41,42,43,44,45,46,47,48,49,50,51,52,53,54,55,57,58,59,60,61,62,63,64,65,66,67,68,69,70,71,72,73,74,75,76,77,78,79,80,81,82,83,84,85,86,87,88,89,90,91,92,93,94,95,96,97
GTACAACACGAGCAGCCTCTGATGC	1620-G	0,1,2,3,4,5,6,7,8,9,10,11,12,13,14,15,16,17,18,19,20,21,22,23,24,25,26,27,28,29,30,31,32,33,34,35,36,37,38,39,40,41,42,43,44,45,46,47,48,49,50,51,52,53,54,55,57,58,59,60,61,62,63,64,65,66,67,68,69,70,71,72,73,74,75,76,77,78,79,80,81,82,83,84,85,86,87,88,89,90,91,92,93,94,95,96,97
GCATCAGAGGCTACTCGTGTTGTAC	1620-A	56
GTACAACACGAGTAGCCTCTGATGC	1620-A	56
CTTGAAACTGCTCAAAATTCTGTGC	1665-C	0,1,2,3,4,6,7,8,9,10,11,12,13,14,15,16,17,18,19,20,21,22,23,24,25,26,27,28,29,30,31,32,33,34,35,36,37,38,39,40,41,42,43,44,45,46,47,48,49,50,51,52,53,54,55,56,57,58,59,60,61,62,63,64,65,66,67,68,69,70,71,72,73,74,75,76,77,78,79,80,81,82,83,84,85,86,87,88,89,90,91,92,93,94,95,96,97
GCACAGAATTTTGAGCAGTTTCAAG	1665-C	0,1,2,3,4,6,7,8,9,10,11,12,13,14,15,16,17,18,19,20,21,22,23,24,25,26,27,28,29,30,31,32,33,34,35,36,37,38,39,40,41,42,43,44,45,46,47,48,49,50,51,52,53,54,55,56,57,58,59,60,61,62,63,64,65,66,67,68,69,70,71,72,73,74,75,76,77,78,79,80,81,82,83,84,85,86,87,88,89,90,91,92,93,94,95,96,97
CTTGAAACTGCTAAAAATTCTGTGC	1665-A	5
GCACAGAATTTTTAGCAGTTTCAAG	1665-A	5
AGGTGGTGTTGTTCAGTTGACTTCG	1817-T	0,1,2,3,4,5,6,7,8,9,10,11,12,13,14,15,16,17,18,19,20,21,22,23,24,25,26,27,28,29,30,31,32,33,34,35,36,37,38,39,40,41,42,43,44,45,46,47,48,49,50,51,52,53,54,55,56,57,58,59,60,61,62,63,64,65,66,67,68,69,70,71,72,73,74,75,76,77,78,79,80,81,82,83,84,85,86,87,89,90,91,92,93,94,95,96,97
CGAAGTCAACTGAACAACACCACCT	1817-T	0,1,2,3,4,5,6,7,8,9,10,11,12,13,14,15,16,17,18,19,20,21,22,23,24,25,26,27,28,29,30,31,32,33,34,35,36,37,38,39,40,41,42,43,44,45,46,47,48,49,50,51,52,53,54,55,56,57,58,59,60,61,62,63,64,65,66,67,68,69,70,71,72,73,74,75,76,77,78,79,80,81,82,83,84,85,86,87,89,90,91,92,93,94,95,96,97
AGGTGGTGTTGTCCAGTTGACTTCG	1817-C	88
CGAAGTCAACTGGACAACACCACCT	1817-C	88
GGTGTAGAGTTTCTTAGAGACGGTT	1923-C	0,1,2,3,4,5,6,7,8,9,10,11,12,13,14,15,16,17,18,19,20,21,22,23,24,25,26,27,28,29,30,31,32,33,34,35,36,37,38,39,40,41,42,43,44,45,46,47,48,49,50,51,53,54,55,56,57,58,59,60,61,62,63,64,65,66,67,68,69,70,71,72,73,74,75,76,77,78,79,80,81,82,83,84,85,86,87,88,89,90,91,92,93,94,95,96,97
AACCGTCTCTAAGAAACTCTACACC	1923-C	0,1,2,3,4,5,6,7,8,9,10,11,12,13,14,15,16,17,18,19,20,21,22,23,24,25,26,27,28,29,30,31,32,33,34,35,36,37,38,39,40,41,42,43,44,45,46,47,48,49,50,51,53,54,55,56,57,58,59,60,61,62,63,64,65,66,67,68,69,70,71,72,73,74,75,76,77,78,79,80,81,82,83,84,85,86,87,88,89,90,91,92,93,94,95,96,97
GGTGTAGAGTTTTTTAGAGACGGTT	1923-T	52
AACCGTCTCTAAAAAACTCTACACC	1923-T	52
GGTGGACAAATTGTCACCTGTGCAA	1992-G	0,1,2,3,4,5,6,7,8,9,10,11,12,13,14,15,16,17,18,19,20,21,22,23,24,25,26,27,28,29,30,31,32,33,34,35,36,37,38,39,40,41,42,43,44,45,46,47,48,49,50,51,52,53,54,55,56,57,58,59,60,61,62,63,64,65,66,67,68,69,70,71,73,74,75,76,77,78,79,80,81,82,83,84,85,86,87,88,89,90,91,92,93,94,95,96,97
TTGCACAGGTGACAATTTGTCCACC	1992-G	0,1,2,3,4,5,6,7,8,9,10,11,12,13,14,15,16,17,18,19,20,21,22,23,24,25,26,27,28,29,30,31,32,33,34,35,36,37,38,39,40,41,42,43,44,45,46,47,48,49,50,51,52,53,54,55,56,57,58,59,60,61,62,63,64,65,66,67,68,69,70,71,73,74,75,76,77,78,79,80,81,82,83,84,85,86,87,88,89,90,91,92,93,94,95,96,97
GGTGGACAAATTATCACCTGTGCAA	1992-A	72
TTGCACAGGTGATAATTTGTCCACC	1992-A	72
TGAAACATTTGTCACGCACTCAAAG	2129-C	0,1,2,3,4,5,6,7,8,9,10,11,12,13,15,16,17,18,19,20,21,22,23,24,25,26,27,28,29,30,31,32,33,34,35,36,37,38,39,40,41,42,43,44,45,46,47,48,49,50,51,52,53,54,55,56,57,58,59,60,61,62,63,64,65,66,68,69,70,71,72,73,74,75,76,77,78,79,80,81,82,83,84,85,86,87,88,89,90,91,92,93,94,96,97
CTTTGAGTGCGTGACAAATGTTTCA	2129-C	0,1,2,3,4,5,6,7,8,9,10,11,12,13,15,16,17,18,19,20,21,22,23,24,25,26,27,28,29,30,31,32,33,34,35,36,37,38,39,40,41,42,43,44,45,46,47,48,49,50,51,52,53,54,55,56,57,58,59,60,61,62,63,64,65,66,68,69,70,71,72,73,74,75,76,77,78,79,80,81,82,83,84,85,86,87,88,89,90,91,92,93,94,96,97
TGAAACATTTGTTACGCACTCAAAG	2129-T	14
CTTTGAGTGCGTAACAAATGTTTCA	2129-T	14
TGAAACATTTGTCACGCACTCAAAA	2129-C	67
TTTTGAGTGCGTGACAAATGTTTCA	2129-C	67
TGAAACATTTGTCACGCAATCAAAG	2129-C	95
CTTTGATTGCGTGACAAATGTTTCA	2129-C	95
ATTTGTCACGCACTCAAAGGGATTG	2135-C	0,1,2,3,4,5,6,7,8,9,10,11,12,13,15,16,17,18,19,20,21,22,23,24,25,26,27,28,29,30,31,32,33,34,35,36,37,38,39,40,41,42,43,44,45,46,47,48,49,50,51,52,53,54,55,56,57,58,59,60,61,62,63,64,65,66,68,69,70,71,72,73,74,75,76,77,78,79,80,81,82,83,84,85,86,87,88,89,90,91,92,93,94,96,97
CAATCCCTTTGAGTGCGTGACAAAT	2135-C	0,1,2,3,4,5,6,7,8,9,10,11,12,13,15,16,17,18,19,20,21,22,23,24,25,26,27,28,29,30,31,32,33,34,35,36,37,38,39,40,41,42,43,44,45,46,47,48,49,50,51,52,53,54,55,56,57,58,59,60,61,62,63,64,65,66,68,69,70,71,72,73,74,75,76,77,78,79,80,81,82,83,84,85,86,87,88,89,90,91,92,93,94,96,97
ATTTGTTACGCACTCAAAGGGATTG	2135-C	14
CAATCCCTTTGAGTGCGTAACAAAT	2135-C	14
ATTTGTCACGCACTCAAAAGGATTG	2135-C	67
CAATCCTTTTGAGTGCGTGACAAAT	2135-C	67
ATTTGTCACGCAATCAAAGGGATTG	2135-A	95
CAATCCCTTTGATTGCGTGACAAAT	2135-A	95
CACGCACTCAAAGGGATTGTACAGA	2141-G	0,1,2,3,4,5,6,7,8,9,10,11,12,13,15,16,17,18,19,20,21,22,23,24,25,26,27,28,29,30,31,32,33,34,35,36,37,38,39,40,41,42,43,44,45,46,47,48,49,50,51,52,53,54,55,56,57,58,59,60,61,62,63,64,65,66,68,69,70,71,72,73,74,75,76,77,78,79,80,83,84,85,86,87,88,89,90,91,92,93,94,96,97
TCTGTACAATCCCTTTGAGTGCGTG	2141-G	0,1,2,3,4,5,6,7,8,9,10,11,12,13,15,16,17,18,19,20,21,22,23,24,25,26,27,28,29,30,31,32,33,34,35,36,37,38,39,40,41,42,43,44,45,46,47,48,49,50,51,52,53,54,55,56,57,58,59,60,61,62,63,64,65,66,68,69,70,71,72,73,74,75,76,77,78,79,80,83,84,85,86,87,88,89,90,91,92,93,94,96,97
TACGCACTCAAAGGGATTGTACAGA	2141-G	14
TCTGTACAATCCCTTTGAGTGCGTA	2141-G	14
CACGCACTCAAAAGGATTGTACAGA	2141-A	67
TCTGTACAATCCTTTTGAGTGCGTG	2141-A	67
CACGCACTCAAAGGGATTGTATAGA	2141-G	81,82
TCTATACAATCCCTTTGAGTGCGTG	2141-G	81,82
CACGCAATCAAAGGGATTGTACAGA	2141-G	95
TCTGTACAATCCCTTTGATTGCGTG	2141-G	95
GCCTCTAAAAGCCCCAAAAGAAATT	2204-C	0,1,3,4,5,6,7,8,9,10,11,12,13,14,15,16,17,18,19,20,21,22,23,24,25,26,27,28,29,30,31,32,33,34,35,36,37,38,39,40,41,42,45,46,47,48,49,50,51,54,55,56,57,58,59,60,61,62,63,64,65,66,67,68,69,70,71,72,73,74,75,76,77,78,79,80,81,82,83,84,85,86,87,88,89,90,91,92,93,94,95,96,97
AATTTCTTTTGGGGCTTTTAGAGGC	2204-C	0,1,3,4,5,6,7,8,9,10,11,12,13,14,15,16,17,18,19,20,21,22,23,24,25,26,27,28,29,30,31,32,33,34,35,36,37,38,39,40,41,42,45,46,47,48,49,50,51,54,55,56,57,58,59,60,61,62,63,64,65,66,67,68,69,70,71,72,73,74,75,76,77,78,79,80,81,82,83,84,85,86,87,88,89,90,91,92,93,94,95,96,97
GCCTCTAAAAGCTCCAAAAGAAATT	2204-T	2,43,44,52,53
AATTTCTTTTGGAGCTTTTAGAGGC	2204-T	2,43,44,52,53
TATGATGGTAACAAACAATACCTTC	2426-A	0,1,2,3,4,5,6,7,8,9,10,11,13,14,15,16,17,18,19,20,21,22,23,24,25,26,27,28,29,30,31,32,33,34,35,36,37,38,39,40,41,42,43,44,45,46,47,48,49,50,51,52,53,54,55,56,57,58,59,60,61,62,63,64,65,66,67,68,69,70,71,72,73,74,75,76,77,78,79,80,81,82,83,84,85,86,87,88,89,90,91,92,93,94,95,96,97
GAAGGTATTGTTTGTTACCATCATA	2426-A	0,1,2,3,4,5,6,7,8,9,10,11,13,14,15,16,17,18,19,20,21,22,23,24,25,26,27,28,29,30,31,32,33,34,35,36,37,38,39,40,41,42,43,44,45,46,47,48,49,50,51,52,53,54,55,56,57,58,59,60,61,62,63,64,65,66,67,68,69,70,71,72,73,74,75,76,77,78,79,80,81,82,83,84,85,86,87,88,89,90,91,92,93,94,95,96,97
TATGATGGTAACTAACAATACCTTC	2426-T	12
GAAGGTATTGTTAGTTACCATCATA	2426-T	12
GGCAGATGCTGTCATAAAAACTTTG	2636-C	0,1,2,3,4,5,6,7,8,9,10,11,12,13,14,15,16,17,18,19,20,21,22,23,24,25,26,27,28,29,30,31,32,33,34,35,36,37,38,39,40,41,42,43,44,45,46,47,48,49,50,51,52,53,54,56,58,59,60,61,62,63,64,65,66,67,68,69,70,71,72,73,74,75,76,77,78,79,80,81,82,83,84,85,86,87,88,89,90,91,92,93,94,95,96,97
CAAAGTTTTTATGACAGCATCTGCC	2636-C	0,1,2,3,4,5,6,7,8,9,10,11,12,13,14,15,16,17,18,19,20,21,22,23,24,25,26,27,28,29,30,31,32,33,34,35,36,37,38,39,40,41,42,43,44,45,46,47,48,49,50,51,52,53,54,56,58,59,60,61,62,63,64,65,66,67,68,69,70,71,72,73,74,75,76,77,78,79,80,81,82,83,84,85,86,87,88,89,90,91,92,93,94,95,96,97
GGCAGATGCTGTTATAAAAACTTTG	2636-T	55,57
CAAAGTTTTTATAACAGCATCTGCC	2636-T	55,57
GTATTGTTCTTTCTACCCTCCAGAT	2771-C	0,69,70,80
ATCTGGAGGGTAGAAAGAACAATAC	2771-C	0,69,70,80
GTATTGTTCTTTTTACCCTCCAGAT	2771-T	1,2,3,4,5,6,7,8,9,10,11,12,13,14,15,16,17,18,19,20,21,22,23,24,25,26,27,28,29,30,31,32,33,34,35,36,37,38,39,40,41,42,43,44,45,46,47,48,49,50,51,52,53,54,55,56,57,58,59,60,61,62,63,64,65,66,67,68,71,72,73,74,75,76,77,78,79,81,82,83,84,85,86,87,88,89,90,91,92,93,94,95,96,97
ATCTGGAGGGTAAAAAGAACAATAC	2771-T	1,2,3,4,5,6,7,8,9,10,11,12,13,14,15,16,17,18,19,20,21,22,23,24,25,26,27,28,29,30,31,32,33,34,35,36,37,38,39,40,41,42,43,44,45,46,47,48,49,50,51,52,53,54,55,56,57,58,59,60,61,62,63,64,65,66,67,68,71,72,73,74,75,76,77,78,79,81,82,83,84,85,86,87,88,89,90,91,92,93,94,95,96,97
TACCAAGGTAAACCTTTGGAATTTG	2874-C	0,1,2,3,4,5,6,7,8,9,10,11,12,13,14,15,16,17,18,19,20,21,22,23,24,25,26,27,28,29,30,31,32,33,34,35,36,37,38,39,40,41,42,43,44,45,46,47,48,49,50,52,53,54,55,56,57,58,59,60,61,63,64,65,66,67,68,69,70,71,72,73,74,75,76,77,78,79,80,81,82,83,84,85,86,87,88,89,90,91,92,93,94,95,96,97
CAAATTCCAAAGGTTTACCTTGGTA	2874-C	0,1,2,3,4,5,6,7,8,9,10,11,12,13,14,15,16,17,18,19,20,21,22,23,24,25,26,27,28,29,30,31,32,33,34,35,36,37,38,39,40,41,42,43,44,45,46,47,48,49,50,52,53,54,55,56,57,58,59,60,61,63,64,65,66,67,68,69,70,71,72,73,74,75,76,77,78,79,80,81,82,83,84,85,86,87,88,89,90,91,92,93,94,95,96,97
TACCAAGGTAAACCTTTGGAATGTG	2874-C	51
CACATTCCAAAGGTTTACCTTGGTA	2874-C	51
TACCAAGGTAAATCTTTGGAATTTG	2874-T	62
CAAATTCCAAAGATTTACCTTGGTA	2874-T	62
TGGTCAACAAGACGGCAGTGAGGAC	2975-C	0,1,2,3,4,5,6,7,8,9,10,11,12,13,14,15,16,17,18,19,20,21,22,23,24,25,26,27,28,29,30,31,32,33,34,35,36,37,38,39,40,41,42,43,44,45,46,47,48,50,51,52,53,54,55,56,57,58,59,60,61,62,63,64,65,66,67,68,69,70,71,72,73,74,75,76,77,78,79,80,81,82,83,84,85,86,87,88,89,90,91,92,93,94,95,96,97
GTCCTCACTGCCGTCTTGTTGACCA	2975-C	0,1,2,3,4,5,6,7,8,9,10,11,12,13,14,15,16,17,18,19,20,21,22,23,24,25,26,27,28,29,30,31,32,33,34,35,36,37,38,39,40,41,42,43,44,45,46,47,48,50,51,52,53,54,55,56,57,58,59,60,61,62,63,64,65,66,67,68,69,70,71,72,73,74,75,76,77,78,79,80,81,82,83,84,85,86,87,88,89,90,91,92,93,94,95,96,97
TGGTCAACAAGATGGCAGTGAGGAC	2975-T	49
GTCCTCACTGCCATCTTGTTGACCA	2975-T	49
AAGGTAAAACCAACAGTGGTTGTTA	3162-A	0,1,2,3,4,5,6,7,8,9,10,11,12,13,14,15,16,17,18,19,20,21,23,24,25,26,27,28,29,30,31,32,33,34,35,36,37,38,39,40,41,42,43,44,45,46,47,48,49,50,51,52,53,54,55,56,57,58,59,60,61,62,63,64,65,66,67,68,69,70,71,72,73,74,75,76,77,78,79,80,81,82,83,84,85,86,87,88,89,90,91,92,93,94,95,96,97
TAACAACCACTGTTGGTTTTACCTT	3162-A	0,1,2,3,4,5,6,7,8,9,10,11,12,13,14,15,16,17,18,19,20,21,23,24,25,26,27,28,29,30,31,32,33,34,35,36,37,38,39,40,41,42,43,44,45,46,47,48,49,50,51,52,53,54,55,56,57,58,59,60,61,62,63,64,65,66,67,68,69,70,71,72,73,74,75,76,77,78,79,80,81,82,83,84,85,86,87,88,89,90,91,92,93,94,95,96,97
AAGGTAAAACCAGCAGTGGTTGTTA	3162-G	22
TAACAACCACTGCTGGTTTTACCTT	3162-G	22
AGCCAATGTTTACCTTAAACATGGA	3191-C	0,1,2,3,4,5,6,7,8,9,10,11,12,13,14,15,16,17,18,19,21,22,23,24,25,26,27,28,29,30,31,32,33,34,35,36,37,38,39,40,41,42,43,44,45,46,47,48,49,50,51,52,53,54,55,56,57,58,59,60,61,62,63,64,65,66,67,68,69,70,71,72,73,74,75,76,77,78,79,80,81,82,83,84,85,86,87,88,89,90,91,92,93,94,95,96,97
TCCATGTTTAAGGTAAACATTGGCT	3191-C	0,1,2,3,4,5,6,7,8,9,10,11,12,13,14,15,16,17,18,19,21,22,23,24,25,26,27,28,29,30,31,32,33,34,35,36,37,38,39,40,41,42,43,44,45,46,47,48,49,50,51,52,53,54,55,56,57,58,59,60,61,62,63,64,65,66,67,68,69,70,71,72,73,74,75,76,77,78,79,80,81,82,83,84,85,86,87,88,89,90,91,92,93,94,95,96,97
AGCCAATGTTTATCTTAAACATGGA	3191-T	20
TCCATGTTTAAGATAAACATTGGCT	3191-T	20
TAACAATGCCATGCAAGTTGAATCT	3248-G	0,1,2,3,4,5,6,7,8,10,11,12,13,14,15,16,17,18,19,20,21,22,23,24,25,26,27,28,29,30,31,32,33,34,35,36,37,38,39,40,41,42,43,44,45,46,47,48,49,50,51,52,53,54,55,56,57,58,59,60,61,62,63,64,65,66,67,68,69,70,71,72,73,74,75,76,77,78,79,80,81,82,83,84,85,86,87,88,89,90,91,92,93,94,95,96,97
AGATTCAACTTGCATGGCATTGTTA	3248-G	0,1,2,3,4,5,6,7,8,10,11,12,13,14,15,16,17,18,19,20,21,22,23,24,25,26,27,28,29,30,31,32,33,34,35,36,37,38,39,40,41,42,43,44,45,46,47,48,49,50,51,52,53,54,55,56,57,58,59,60,61,62,63,64,65,66,67,68,69,70,71,72,73,74,75,76,77,78,79,80,81,82,83,84,85,86,87,88,89,90,91,92,93,94,95,96,97
TAACAATGCCATTCAAGTTGAATCT	3248-T	9
AGATTCAACTTGAATGGCATTGTTA	3248-T	9
TTTGGTGCTGACCCTATACATTCTT	3471-C	0,1,2,3,4,5,6,7,8,9,10,11,12,13,14,15,16,17,18,19,20,21,22,23,24,25,26,27,28,30,31,32,33,34,35,36,37,38,39,40,41,42,43,44,45,46,47,48,49,50,51,52,53,54,55,56,57,58,59,60,61,62,63,64,65,66,67,68,69,70,71,72,74,75,76,77,78,79,80,81,82,83,84,85,86,87,88,89,90,91,92,93,94,95,96,97
AAGAATGTATAGGGTCAGCACCAAA	3471-C	0,1,2,3,4,5,6,7,8,9,10,11,12,13,14,15,16,17,18,19,20,21,22,23,24,25,26,27,28,30,31,32,33,34,35,36,37,38,39,40,41,42,43,44,45,46,47,48,49,50,51,52,53,54,55,56,57,58,59,60,61,62,63,64,65,66,67,68,69,70,71,72,74,75,76,77,78,79,80,81,82,83,84,85,86,87,88,89,90,91,92,93,94,95,96,97
TTTGGTGCTGACTCTATACATTCTT	3471-T	29
AAGAATGTATAGAGTCAGCACCAAA	3471-T	29
TTTGGTGCTGACCTTATACATTCTT	3471-C	73
AAGAATGTATAAGGTCAGCACCAAA	3471-C	73
CTACTTAGCTGTCTTTGATAAAAAT	3530-C	0,1,2,3,4,5,6,8,9,10,11,12,13,14,15,16,17,18,19,20,21,22,23,24,25,26,27,28,29,30,31,32,33,34,35,36,37,38,39,40,41,42,43,44,45,46,47,48,49,50,51,52,53,54,55,56,57,58,59,60,61,62,63,64,65,66,67,68,69,70,71,72,73,74,75,76,77,78,79,80,81,82,83,84,85,86,87,88,89,90,91,92,93,94,95,96,97
ATTTTTATCAAAGACAGCTAAGTAG	3530-C	0,1,2,3,4,5,6,8,9,10,11,12,13,14,15,16,17,18,19,20,21,22,23,24,25,26,27,28,29,30,31,32,33,34,35,36,37,38,39,40,41,42,43,44,45,46,47,48,49,50,51,52,53,54,55,56,57,58,59,60,61,62,63,64,65,66,67,68,69,70,71,72,73,74,75,76,77,78,79,80,81,82,83,84,85,86,87,88,89,90,91,92,93,94,95,96,97
CTACTTAGCTGTTTTTGATAAAAAT	3530-T	7
ATTTTTATCAAAAACAGCTAAGTAG	3530-T	7
AAATGAAGAGTGAAAAGCAAGTTGA	3586-A	0,1,2,3,4,5,6,7,8,9,10,11,12,13,14,15,16,17,18,19,20,21,22,23,24,25,26,27,28,29,30,31,32,33,34,35,36,37,38,39,40,41,42,43,44,45,46,47,48,49,50,51,52,53,54,55,56,57,58,59,60,61,62,63,64,66,67,68,69,70,71,72,73,74,75,76,77,78,79,80,81,82,83,84,85,86,87,88,89,90,91,92,93,94,95,96,97
TCAACTTGCTTTTCACTCTTCATTT	3586-A	0,1,2,3,4,5,6,7,8,9,10,11,12,13,14,15,16,17,18,19,20,21,22,23,24,25,26,27,28,29,30,31,32,33,34,35,36,37,38,39,40,41,42,43,44,45,46,47,48,49,50,51,52,53,54,55,56,57,58,59,60,61,62,63,64,66,67,68,69,70,71,72,73,74,75,76,77,78,79,80,81,82,83,84,85,86,87,88,89,90,91,92,93,94,95,96,97
AAATGAAGAGTGTAAAGCAAGTTGA	3586-T	65
TCAACTTGCTTTACACTCTTCATTT	3586-T	65
CTCTGGAAGAAACTAAGTTCCTCAC	3736-C	0,1,2,3,4,5,6,7,8,9,10,11,12,13,14,15,16,17,18,19,20,22,23,24,25,26,27,28,29,30,31,32,33,34,35,36,37,38,39,40,41,42,43,44,45,46,47,48,49,50,51,52,53,54,55,56,57,58,59,60,61,62,63,65,66,67,68,69,70,71,72,73,74,75,76,77,78,79,80,81,82,84,85,86,87,88,89,90,91,92,93,94,95,96,97
GTGAGGAACTTAGTTTCTTCCAGAG	3736-C	0,1,2,3,4,5,6,7,8,9,10,11,12,13,14,15,16,17,18,19,20,22,23,24,25,26,27,28,29,30,31,32,33,34,35,36,37,38,39,40,41,42,43,44,45,46,47,48,49,50,51,52,53,54,55,56,57,58,59,60,61,62,63,65,66,67,68,69,70,71,72,73,74,75,76,77,78,79,80,81,82,84,85,86,87,88,89,90,91,92,93,94,95,96,97
CTCTGGAAGAAATTAAGTTCCTCAC	3736-T	21,64,83
GTGAGGAACTTAATTTCTTCCAGAG	3736-T	21,64,83
CCTACTAAAAAGGCTGGTGGCACTA	3915-G	0,1,2,11,12,13,14,15,16,17,18,19,20,21,22,43,44,45,46,47,48,49,50,51,52,53,54,55,56,57,58,59,60,62,63,64,65,66,67,68,69,70,71,72,73,74,75,76,77,78,79,80,81,82,83,84,85,86,89,93,94,95,97
TAGTGCCACCAGCCTTTTTAGTAGG	3915-G	0,1,2,11,12,13,14,15,16,17,18,19,20,21,22,43,44,45,46,47,48,49,50,51,52,53,54,55,56,57,58,59,60,62,63,64,65,66,67,68,69,70,71,72,73,74,75,76,77,78,79,80,81,82,83,84,85,86,89,93,94,95,97
CCTACTAAAAAGGCTAGTGGCACTA	3915-G	3,4,5,6,7,9,23,24,25,26,27,28,29,30,31,32,33,34,35,36,37,38,39,40,41,42
TAGTGCCACTAGCCTTTTTAGTAGG	3915-G	3,4,5,6,7,9,23,24,25,26,27,28,29,30,31,32,33,34,35,36,37,38,39,40,41,42
CCTACTAAAAAGTCTAGTGGCACTA	3915-T	8
TAGTGCCACTAGACTTTTTAGTAGG	3915-T	8
CCTACTAAAAAGTCTGGTGGCACTA	3915-T	10,61,87,88,90,91,92,96
TAGTGCCACCAGACTTTTTAGTAGG	3915-T	10,61,87,88,90,91,92,96
GGCAAAGACAGTGCTTAAAAAGTGT	4034-G	0,1,2,3,4,5,6,7,8,9,10,11,12,13,14,15,16,17,18,19,20,21,22,23,24,25,26,27,28,29,30,31,32,33,34,35,36,37,38,39,40,41,42,43,44,45,46,47,48,49,50,51,52,53,54,55,56,57,58,59,60,61,62,63,64,65,66,67,68,70,71,72,73,74,75,76,77,78,79,80,81,82,83,84,85,86,87,88,89,90,91,92,93,94,95,96,97
ACACTTTTTAAGCACTGTCTTTGCC	4034-G	0,1,2,3,4,5,6,7,8,9,10,11,12,13,14,15,16,17,18,19,20,21,22,23,24,25,26,27,28,29,30,31,32,33,34,35,36,37,38,39,40,41,42,43,44,45,46,47,48,49,50,51,52,53,54,55,56,57,58,59,60,61,62,63,64,65,66,67,68,70,71,72,73,74,75,76,77,78,79,80,81,82,83,84,85,86,87,88,89,90,91,92,93,94,95,96,97
GGCAAAGACAGTTCTTAAAAAGTGT	4034-T	69
ACACTTTTTAAGAACTGTCTTTGCC	4034-T	69
GAAACTAAAGCCATAGTTTCAACTA	4191-A	0,1,2,3,4,5,6,7,8,9,10,11,12,13,14,15,16,17,18,19,20,21,22,23,24,25,26,27,28,29,30,31,32,33,34,35,36,37,38,39,40,41,42,43,44,45,46,47,48,49,50,51,52,53,54,55,56,57,58,59,60,61,62,63,64,65,66,67,68,69,70,71,72,73,74,75,76,77,79,80,81,82,83,84,85,86,87,88,89,90,91,92,93,94,95,96,97
TAGTTGAAACTATGGCTTTAGTTTC	4191-A	0,1,2,3,4,5,6,7,8,9,10,11,12,13,14,15,16,17,18,19,20,21,22,23,24,25,26,27,28,29,30,31,32,33,34,35,36,37,38,39,40,41,42,43,44,45,46,47,48,49,50,51,52,53,54,55,56,57,58,59,60,61,62,63,64,65,66,67,68,69,70,71,72,73,74,75,76,77,79,80,81,82,83,84,85,86,87,88,89,90,91,92,93,94,95,96,97
GAAACTAAAGCCGTAGTTTCAACTA	4191-G	78
TAGTTGAAACTACGGCTTTAGTTTC	4191-G	78
TCAAAGTGCCAGCTACAGTTTCTGT	4417-C	0,1,2,3,4,5,6,7,8,9,10,11,12,13,14,16,17,18,19,20,21,22,23,24,25,26,27,28,29,30,31,32,33,34,35,36,37,38,39,40,41,42,43,44,45,46,47,48,49,50,51,52,53,54,55,56,57,58,59,60,61,62,63,64,65,66,67,68,69,70,71,72,73,74,75,76,77,78,79,80,81,82,83,84,85,86,87,88,89,90,91,92,93,94,95,96,97
ACAGAAACTGTAGCTGGCACTTTGA	4417-C	0,1,2,3,4,5,6,7,8,9,10,11,12,13,14,16,17,18,19,20,21,22,23,24,25,26,27,28,29,30,31,32,33,34,35,36,37,38,39,40,41,42,43,44,45,46,47,48,49,50,51,52,53,54,55,56,57,58,59,60,61,62,63,64,65,66,67,68,69,70,71,72,73,74,75,76,77,78,79,80,81,82,83,84,85,86,87,88,89,90,91,92,93,94,95,96,97
TCAAAGTGCCAGTTACAGTTTCTGT	4417-T	15
ACAGAAACTGTAACTGGCACTTTGA	4417-T	15
GTAATCCTACCACATTCCACCTAGA	4627-C	0,1,2,3,4,5,6,7,8,9,10,11,12,13,14,15,16,17,18,19,20,21,22,23,24,25,26,27,28,29,30,31,32,33,35,36,37,38,39,40,41,42,43,44,45,46,47,48,49,50,51,52,53,54,55,56,57,58,59,60,61,62,63,64,65,66,67,68,69,70,71,72,73,74,75,76,77,79,80,81,82,83,84,85,86,87,88,89,90,91,92,93,94,95,96,97
TCTAGGTGGAATGTGGTAGGATTAC	4627-C	0,1,2,3,4,5,6,7,8,9,10,11,12,13,14,15,16,17,18,19,20,21,22,23,24,25,26,27,28,29,30,31,32,33,35,36,37,38,39,40,41,42,43,44,45,46,47,48,49,50,51,52,53,54,55,56,57,58,59,60,61,62,63,64,65,66,67,68,69,70,71,72,73,74,75,76,77,79,80,81,82,83,84,85,86,87,88,89,90,91,92,93,94,95,96,97
GTAATCCTACCATATTCCACCTAGA	4627-T	34
TCTAGGTGGAATATGGTAGGATTAC	4627-T	34
GTAATCCTACTACATTCCACCTAGA	4627-C	78
TCTAGGTGGAATGTAGTAGGATTAC	4627-C	78
TTATCACCTTTGACAATCTTAAGAC	4660-A	0,1,2,3,4,5,6,7,8,9,10,11,12,13,14,15,16,17,19,20,21,22,23,24,25,26,27,28,29,30,31,32,33,34,35,36,37,38,39,40,41,42,43,44,45,46,47,48,49,50,51,52,53,54,55,56,57,58,59,60,61,62,63,64,65,66,67,68,69,70,71,72,73,74,75,76,77,78,79,80,81,82,83,84,85,86,87,88,89,90,91,92,93,94,95,96,97
GTCTTAAGATTGTCAAAGGTGATAA	4660-A	0,1,2,3,4,5,6,7,8,9,10,11,12,13,14,15,16,17,19,20,21,22,23,24,25,26,27,28,29,30,31,32,33,34,35,36,37,38,39,40,41,42,43,44,45,46,47,48,49,50,51,52,53,54,55,56,57,58,59,60,61,62,63,64,65,66,67,68,69,70,71,72,73,74,75,76,77,78,79,80,81,82,83,84,85,86,87,88,89,90,91,92,93,94,95,96,97
TTATCACCTTTGGCAATCTTAAGAC	4660-G	18
GTCTTAAGATTGCCAAAGGTGATAA	4660-G	18
ACACAACTGATCCTAGTTTTCTGGG	4918-C	0,1,2,3,4,5,6,8,9,10,11,12,13,14,15,16,17,18,19,20,21,22,23,24,25,26,27,28,29,30,31,32,33,34,35,36,37,38,39,40,41,42,43,44,45,46,47,48,49,50,51,52,53,54,55,56,57,58,59,60,61,62,63,65,66,67,68,69,70,71,72,73,75,76,77,79,80,81,82,87,88,90,91,92,94,96
CCCAGAAAACTAGGATCAGTTGTGT	4918-C	0,1,2,3,4,5,6,8,9,10,11,12,13,14,15,16,17,18,19,20,21,22,23,24,25,26,27,28,29,30,31,32,33,34,35,36,37,38,39,40,41,42,43,44,45,46,47,48,49,50,51,52,53,54,55,56,57,58,59,60,61,62,63,65,66,67,68,69,70,71,72,73,75,76,77,79,80,81,82,87,88,90,91,92,94,96
ACACAACTGATTCTAGTTTTCTGGG	4918-C	7
CCCAGAAAACTAGAATCAGTTGTGT	4918-C	7
ACACAACTAATCCTAGTTTTCTGGG	4918-C	64
CCCAGAAAACTAGGATTAGTTGTGT	4918-C	64
ACACAACTGATCTTAGTTTTCTGGG	4918-T	74,78,85,86,89,93,95,97
CCCAGAAAACTAAGATCAGTTGTGT	4918-T	74,78,85,86,89,93,95,97
ACATAACTGATCCTAGTTTTCTGGG	4918-C	83
CCCAGAAAACTAGGATCAGTTATGT	4918-C	83
ACACGACTGATCCTAGTTTTCTGGG	4918-C	84
CCCAGAAAACTAGGATCAGTCGTGT	4918-C	84
AGTCTTGAACGTGGTGTGTAAAACT	5249-G	0,1,2,3,4,5,6,7,8,9,10,11,12,13,14,15,16,17,18,19,20,21,22,23,24,25,26,27,28,29,30,31,32,33,34,35,36,37,38,39,40,41,42,43,44,45,47,48,49,50,51,52,53,54,55,56,57,58,60,61,62,63,64,65,66,67,68,69,70,71,72,73,74,75,76,77,78,79,80,81,82,83,84,85,86,87,88,89,90,91,92,93,94,95,96,97
AGTTTTACACACCACGTTCAAGACT	5249-G	0,1,2,3,4,5,6,7,8,9,10,11,12,13,14,15,16,17,18,19,20,21,22,23,24,25,26,27,28,29,30,31,32,33,34,35,36,37,38,39,40,41,42,43,44,45,47,48,49,50,51,52,53,54,55,56,57,58,60,61,62,63,64,65,66,67,68,69,70,71,72,73,74,75,76,77,78,79,80,81,82,83,84,85,86,87,88,89,90,91,92,93,94,95,96,97
AGTCTTGAACGTTGTGTGTAAAACT	5249-T	46,59
AGTTTTACACACAACGTTCAAGACT	5249-T	46,59
TATGTACATGGGCACACTTTCTTAT	5315-C	0,1,2,3,4,6,7,8,9,10,11,12,13,14,15,16,17,18,19,20,21,22,23,24,25,26,27,28,29,30,31,32,33,34,35,36,37,38,39,40,41,42,43,44,45,46,47,48,49,50,51,52,53,54,55,56,57,58,59,60,61,62,64,65,66,67,68,69,70,71,72,73,74,75,76,77,78,79,80,81,82,83,84,85,87,88,89,90,91,92,94,96
ATAAGAAAGTGTGCCCATGTACATA	5315-C	0,1,2,3,4,6,7,8,9,10,11,12,13,14,15,16,17,18,19,20,21,22,23,24,25,26,27,28,29,30,31,32,33,34,35,36,37,38,39,40,41,42,43,44,45,46,47,48,49,50,51,52,53,54,55,56,57,58,59,60,61,62,64,65,66,67,68,69,70,71,72,73,74,75,76,77,78,79,80,81,82,83,84,85,87,88,89,90,91,92,94,96
TATGTACACGGGCACACTTTCTTAT	5315-C	5
ATAAGAAAGTGTGCCCGTGTACATA	5315-C	5
TATGTACATGGGTACACTTTCTTAT	5315-T	63
ATAAGAAAGTGTACCCATGTACATA	5315-T	63
TATGTACATGGGCACGCTTTCTTAT	5315-C	86,93,95,97
ATAAGAAAGCGTGCCCATGTACATA	5315-C	86,93,95,97
AAATTGGATGGTGTTGTTTGTACAG	5658-G	0,1,2,3,4,5,6,7,8,9,10,11,12,13,14,15,16,17,18,19,20,21,22,23,24,25,26,27,28,29,30,31,32,33,34,35,36,37,38,39,40,41,42,43,44,45,46,47,50,51,52,53,54,55,56,57,58,59,60,61,62,63,64,65,66,67,68,69,70,71,72,73,74,75,76,77,78,79,80,81,82,83,84,85,86,87,88,89,90,91,92,93,94,95,96,97
CTGTACAAACAACACCATCCAATTT	5658-G	0,1,2,3,4,5,6,7,8,9,10,11,12,13,14,15,16,17,18,19,20,21,22,23,24,25,26,27,28,29,30,31,32,33,34,35,36,37,38,39,40,41,42,43,44,45,46,47,50,51,52,53,54,55,56,57,58,59,60,61,62,63,64,65,66,67,68,69,70,71,72,73,74,75,76,77,78,79,80,81,82,83,84,85,86,87,88,89,90,91,92,93,94,95,96,97
AAATTGGATGGTATTGTTTGTACAG	5658-A	48,49
CTGTACAAACAATACCATCCAATTT	5658-A	48,49
GCATGTTGTAGACGGTTGTAATTCA	7205-C	0,1,2,3,4,5,6,7,8,9,10,11,12,13,14,15,16,17,18,19,20,21,22,23,25,26,27,28,29,30,31,32,33,34,35,36,37,38,39,40,41,42,43,44,45,46,47,48,49,50,51,52,53,54,55,56,57,58,59,60,61,62,63,64,65,66,67,68,69,70,71,72,73,74,75,76,77,78,79,80,81,82,83,84,85,86,87,88,89,90,91,92,93,94,95,96,97
TGAATTACAACCGTCTACAACATGC	7205-C	0,1,2,3,4,5,6,7,8,9,10,11,12,13,14,15,16,17,18,19,20,21,22,23,25,26,27,28,29,30,31,32,33,34,35,36,37,38,39,40,41,42,43,44,45,46,47,48,49,50,51,52,53,54,55,56,57,58,59,60,61,62,63,64,65,66,67,68,69,70,71,72,73,74,75,76,77,78,79,80,81,82,83,84,85,86,87,88,89,90,91,92,93,94,95,96,97
GCATGTTGTAGATGGTTGTAATTCA	7205-T	24
TGAATTACAACCATCTACAACATGC	7205-T	24
ACAACCTGAGAGCTAATAACACTAA	7585-C	0,1,2,3,4,5,6,7,8,9,11,12,13,14,15,16,17,18,19,20,21,22,23,24,25,26,27,28,29,30,31,32,33,34,35,36,37,38,39,40,41,42,43,44,45,46,47,48,49,50,51,52,53,54,55,56,57,58,59,60,62,63,64,65,66,67,68,69,70,71,72,73,74,75,76,77,78,79,80,81,82,83,84,85,86,87,88,89,90,92,93,94,95,96,97
TTAGTGTTATTAGCTCTCAGGTTGT	7585-C	0,1,2,3,4,5,6,7,8,9,11,12,13,14,15,16,17,18,19,20,21,22,23,24,25,26,27,28,29,30,31,32,33,34,35,36,37,38,39,40,41,42,43,44,45,46,47,48,49,50,51,52,53,54,55,56,57,58,59,60,62,63,64,65,66,67,68,69,70,71,72,73,74,75,76,77,78,79,80,81,82,83,84,85,86,87,88,89,90,92,93,94,95,96,97
ACAACCTGAGAGTTAATAACACTAA	7585-T	10,61,91
TTAGTGTTATTAACTCTCAGGTTGT	7585-T	10,61,91
AAAGAATGTGTCCTTAGACAATGTC	7874-C	0,1,2,3,4,5,6,7,8,9,10,11,12,13,14,15,16,17,19,20,21,22,23,24,25,26,27,28,29,30,31,32,33,34,35,36,37,38,39,40,41,43,44,45,46,47,48,49,50,51,52,53,54,55,56,57,58,59,60,61,62,63,64,65,66,67,68,69,70,71,73,74,75,76,77,78,79,80,81,82,83,84,85,86,87,88,89,90,91,92,93,94,95,96,97
GACATTGTCTAAGGACACATTCTTT	7874-C	0,1,2,3,4,5,6,7,8,9,10,11,12,13,14,15,16,17,19,20,21,22,23,24,25,26,27,28,29,30,31,32,33,34,35,36,37,38,39,40,41,43,44,45,46,47,48,49,50,51,52,53,54,55,56,57,58,59,60,61,62,63,64,65,66,67,68,69,70,71,73,74,75,76,77,78,79,80,81,82,83,84,85,86,87,88,89,90,91,92,93,94,95,96,97
AAAGAATGTGTTCTTAGACAATGTC	7874-C	18
GACATTGTCTAAGAACACATTCTTT	7874-C	18
AAAGAATGTGTCTTTAGACAATGTC	7874-T	42,72
GACATTGTCTAAAGACACATTCTTT	7874-T	42,72
TAACAAAGTTGAAAACATGACACCC	8042-A	0,1,2,3,5,6,7,8,9,10,11,12,13,14,15,16,17,18,19,20,21,22,23,24,25,26,27,28,29,30,31,32,33,34,35,36,37,38,39,40,41,42,43,44,45,46,47,48,49,50,51,52,53,54,55,56,57,58,59,60,61,62,63,64,65,66,68,69,70,71,72,73,74,75,76,77,78,79,80,81,82,83,84,85,86,87,88,89,90,91,92,93,94,95,96,97
GGGTGTCATGTTTTCAACTTTGTTA	8042-A	0,1,2,3,5,6,7,8,9,10,11,12,13,14,15,16,17,18,19,20,21,22,23,24,25,26,27,28,29,30,31,32,33,34,35,36,37,38,39,40,41,42,43,44,45,46,47,48,49,50,51,52,53,54,55,56,57,58,59,60,61,62,63,64,65,66,68,69,70,71,72,73,74,75,76,77,78,79,80,81,82,83,84,85,86,87,88,89,90,91,92,93,94,95,96,97
TAACAAAGTTGAGAACATGACACCC	8042-G	4
GGGTGTCATGTTCTCAACTTTGTTA	8042-G	4
TAACAAAGTTGAAAATATGACACCC	8042-A	67
GGGTGTCATATTTTCAACTTTGTTA	8042-A	67
AACCACCACAAACCTCTATCACCTC	9763-C	0,11,12,13,14,15,16,17,18,19,20,63,64,65,66,67,68,69,70,71,72,73,74,75,76,78,79,82,83,85,86,89,93,94,95,97
GAGGTGATAGAGGTTTGTGGTGGTT	9763-C	0,11,12,13,14,15,16,17,18,19,20,63,64,65,66,67,68,69,70,71,72,73,74,75,76,78,79,82,83,85,86,89,93,94,95,97
AACCACCACAAATCTCTATCACCTC	9763-T	1,2,3,4,5,6,7,8,9,10,21,22,23,24,25,26,27,28,29,30,31,32,33,34,35,36,37,38,39,40,41,42,43,44,45,46,47,48,49,50,51,52,53,54,55,56,57,58,59,60,61,62,77,80,81,84,87,88,90,91,92,96
GAGGTGATAGAGATTTGTGGTGGTT	9763-T	1,2,3,4,5,6,7,8,9,10,21,22,23,24,25,26,27,28,29,30,31,32,33,34,35,36,37,38,39,40,41,42,43,44,45,46,47,48,49,50,51,52,53,54,55,56,57,58,59,60,61,62,77,80,81,84,87,88,90,91,92,96
TACAACTACACTTAACGGTCTTTGG	9869-T	0,1,2,3,4,5,6,7,8,9,10,11,12,13,14,15,16,17,18,19,20,21,22,23,24,25,26,27,28,29,30,31,32,33,34,35,36,37,38,39,40,41,42,43,44,45,46,47,48,49,51,52,53,55,56,57,58,59,60,61,62,63,64,65,66,67,68,69,70,71,72,73,74,75,76,77,78,79,80,81,82,84,85,86,87,88,89,90,91,92,93,94,95,96,97
CCAAAGACCGTTAAGTGTAGTTGTA	9869-T	0,1,2,3,4,5,6,7,8,9,10,11,12,13,14,15,16,17,18,19,20,21,22,23,24,25,26,27,28,29,30,31,32,33,34,35,36,37,38,39,40,41,42,43,44,45,46,47,48,49,51,52,53,55,56,57,58,59,60,61,62,63,64,65,66,67,68,69,70,71,72,73,74,75,76,77,78,79,80,81,82,84,85,86,87,88,89,90,91,92,93,94,95,96,97
TACAACTACACTCAACGGTCTTTGG	9869-C	50,54
CCAAAGACCGTTGAGTGTAGTTGTA	9869-C	50,54
TATAACTACACTTAACGGTCTTTGG	9869-T	83
CCAAAGACCGTTAAGTGTAGTTATA	9869-T	83
ACAGTTAATGTTTTAGCTTGGTTGT	10401-T	0,1,2,3,4,5,6,7,8,9,10,11,12,13,14,15,17,18,19,20,21,22,23,24,25,26,27,28,29,30,31,32,33,34,35,36,37,38,39,40,41,42,43,44,45,46,47,48,49,50,51,52,53,54,55,56,57,58,59,60,61,62,63,64,65,66,67,68,69,70,71,72,73,74,75,76,77,78,79,80,81,82,83,84,85,86,87,88,89,90,91,92,93,94,95,96,97
ACAACCAAGCTAAAACATTAACTGT	10401-T	0,1,2,3,4,5,6,7,8,9,10,11,12,13,14,15,17,18,19,20,21,22,23,24,25,26,27,28,29,30,31,32,33,34,35,36,37,38,39,40,41,42,43,44,45,46,47,48,49,50,51,52,53,54,55,56,57,58,59,60,61,62,63,64,65,66,67,68,69,70,71,72,73,74,75,76,77,78,79,80,81,82,83,84,85,86,87,88,89,90,91,92,93,94,95,96,97
ACAGTTAATGTTGTAGCTTGGTTGT	10401-G	16
ACAACCAAGCTACAACATTAACTGT	10401-G	16
AGCTTGGTTGTACGCTGCTGTTATA	10415-C	0,1,2,3,4,5,6,7,8,9,10,11,12,13,14,15,16,17,18,19,20,21,22,23,24,25,26,27,28,29,30,31,32,33,34,35,36,37,38,39,40,41,42,43,44,45,46,47,48,49,50,51,52,53,54,55,56,57,58,59,60,61,62,63,64,65,66,67,68,69,70,71,72,73,74,75,76,77,78,79,80,81,82,83,84,85,86,88,89,90,91,92,93,94,95,96,97
TATAACAGCAGCGTACAACCAAGCT	10415-C	0,1,2,3,4,5,6,7,8,9,10,11,12,13,14,15,16,17,18,19,20,21,22,23,24,25,26,27,28,29,30,31,32,33,34,35,36,37,38,39,40,41,42,43,44,45,46,47,48,49,50,51,52,53,54,55,56,57,58,59,60,61,62,63,64,65,66,67,68,69,70,71,72,73,74,75,76,77,78,79,80,81,82,83,84,85,86,88,89,90,91,92,93,94,95,96,97
AGCTTGGTTGTATGCTGCTGTTATA	10415-T	87
TATAACAGCAGCATACAACCAAGCT	10415-T	87
TAGATATGTGTGCTTCATTAAAAGA	10585-C	0,1,2,3,4,5,6,7,8,9,10,11,12,13,14,15,16,17,18,19,20,21,22,23,24,25,26,27,28,29,30,31,32,33,34,35,36,37,38,39,40,41,42,43,44,45,46,47,48,49,50,51,52,53,54,55,56,57,58,59,60,61,62,63,64,65,66,67,68,69,70,71,72,73,74,75,76,77,78,79,80,81,82,83,84,85,86,87,88,89,90,91,92,93,94,95,96
TCTTTTAATGAAGCACACATATCTA	10585-C	0,1,2,3,4,5,6,7,8,9,10,11,12,13,14,15,16,17,18,19,20,21,22,23,24,25,26,27,28,29,30,31,32,33,34,35,36,37,38,39,40,41,42,43,44,45,46,47,48,49,50,51,52,53,54,55,56,57,58,59,60,61,62,63,64,65,66,67,68,69,70,71,72,73,74,75,76,77,78,79,80,81,82,83,84,85,86,87,88,89,90,91,92,93,94,95,96
TAGATATGTGTGTTTCATTAAAAGA	10585-T	97
TCTTTTAATGAAACACACATATCTA	10585-T	97
AGAAGCTTATGAGCAGGCTGTTGCT	11894-G	0,1,2,3,6,7,8,9,10,11,12,13,14,15,16,17,18,19,20,21,22,23,24,25,26,27,28,29,30,31,32,33,34,35,36,37,38,39,43,44,45,46,47,48,49,50,51,52,53,54,55,56,57,58,59,60,61,62,63,64,65,66,67,68,69,70,71,72,73,74,75,76,77,78,79,80,81,82,83,84,85,86,87,88,89,90,91,92,93,94,95,96,97
AGCAACAGCCTGCTCATAAGCTTCT	11894-G	0,1,2,3,6,7,8,9,10,11,12,13,14,15,16,17,18,19,20,21,22,23,24,25,26,27,28,29,30,31,32,33,34,35,36,37,38,39,43,44,45,46,47,48,49,50,51,52,53,54,55,56,57,58,59,60,61,62,63,64,65,66,67,68,69,70,71,72,73,74,75,76,77,78,79,80,81,82,83,84,85,86,87,88,89,90,91,92,93,94,95,96,97
AGAAGCTTATGAACAGGCTGTTGCT	11894-A	4,5,40,41,42
AGCAACAGCCTGTTCATAAGCTTCT	11894-A	4,5,40,41,42
TTGTGCTGCCGGTACTACACAAACT	12470-T	0,1,2,3,4,5,6,7,8,9,10,11,12,13,14,15,16,17,18,19,20,21,22,23,24,25,26,27,28,29,30,31,32,33,34,35,36,37,38,39,40,41,42,43,44,45,46,47,48,49,50,51,52,53,54,55,56,58,59,60,61,62,63,64,65,66,67,68,69,70,71,72,73,74,75,76,77,78,79,80,81,82,83,84,85,86,87,88,89,90,91,92,93,94,95,96,97
AGTTTGTGTAGTACCGGCAGCACAA	12470-T	0,1,2,3,4,5,6,7,8,9,10,11,12,13,14,15,16,17,18,19,20,21,22,23,24,25,26,27,28,29,30,31,32,33,34,35,36,37,38,39,40,41,42,43,44,45,46,47,48,49,50,51,52,53,54,55,56,58,59,60,61,62,63,64,65,66,67,68,69,70,71,72,73,74,75,76,77,78,79,80,81,82,83,84,85,86,87,88,89,90,91,92,93,94,95,96,97
TTGTGCTGCCGGCACTACACAAACT	12470-C	57
AGTTTGTGTAGTGCCGGCAGCACAA	12470-C	57
AAATTGTGTTAACTGTTTGGATGAC	14075-C	0,1,2,3,4,5,6,7,8,9,10,11,12,13,14,15,16,17,18,19,20,21,22,23,24,25,26,27,28,29,30,31,32,33,34,35,36,37,38,39,40,41,42,43,44,45,46,47,48,49,50,51,52,53,54,55,56,57,58,59,60,61,62,63,64,65,66,67,68,69,70,71,72,73,74,76,77,78,79,80,81,82,83,84,85,86,87,88,89,90,91,92,93,94,95,96,97
GTCATCCAAACAGTTAACACAATTT	14075-C	0,1,2,3,4,5,6,7,8,9,10,11,12,13,14,15,16,17,18,19,20,21,22,23,24,25,26,27,28,29,30,31,32,33,34,35,36,37,38,39,40,41,42,43,44,45,46,47,48,49,50,51,52,53,54,55,56,57,58,59,60,61,62,63,64,65,66,67,68,69,70,71,72,73,74,76,77,78,79,80,81,82,83,84,85,86,87,88,89,90,91,92,93,94,95,96,97
AAATTGTGTTAATTGTTTGGATGAC	14075-T	75
GTCATCCAAACAATTAACACAATTT	14075-T	75
CAATGTTGCAAATTATCAAAAGGTT	16775-T	0,1,2,3,4,5,6,7,8,9,10,11,12,13,14,15,16,17,18,19,20,21,22,23,24,25,26,27,28,29,30,31,32,33,34,35,36,37,38,39,40,41,42,43,44,45,46,47,48,49,50,51,52,53,54,55,56,57,58,59,60,61,62,63,64,65,66,67,68,69,70,71,72,73,74,75,76,77,78,79,80,81,82,83,84,85,86,87,88,89,90,92,93,94,95,96,97
AACCTTTTGATAATTTGCAACATTG	16775-T	0,1,2,3,4,5,6,7,8,9,10,11,12,13,14,15,16,17,18,19,20,21,22,23,24,25,26,27,28,29,30,31,32,33,34,35,36,37,38,39,40,41,42,43,44,45,46,47,48,49,50,51,52,53,54,55,56,57,58,59,60,61,62,63,64,65,66,67,68,69,70,71,72,73,74,75,76,77,78,79,80,81,82,83,84,85,86,87,88,89,90,92,93,94,95,96,97
CAATGTTGCAAACTATCAAAAGGTT	16775-C	91
AACCTTTTGATAGTTTGCAACATTG	16775-C	91
TGACAGAGTCGTATTTGTCTTATGG	18320-A	0,1,2,3,4,5,6,7,8,9,10,11,12,13,14,15,16,17,18,19,20,21,22,23,24,25,26,27,28,29,30,31,32,33,34,35,36,37,38,39,40,41,42,43,44,45,46,47,48,49,50,51,52,53,54,55,56,57,58,59,61,62,63,64,65,66,67,68,69,70,71,72,73,74,75,76,77,78,79,80,81,82,83,84,85,86,87,88,89,90,91,92,93,94,95,96,97
CCATAAGACAAATACGACTCTGTCA	18320-A	0,1,2,3,4,5,6,7,8,9,10,11,12,13,14,15,16,17,18,19,20,21,22,23,24,25,26,27,28,29,30,31,32,33,34,35,36,37,38,39,40,41,42,43,44,45,46,47,48,49,50,51,52,53,54,55,56,57,58,59,61,62,63,64,65,66,67,68,69,70,71,72,73,74,75,76,77,78,79,80,81,82,83,84,85,86,87,88,89,90,91,92,93,94,95,96,97
TGACAGAGTCGTCTTTGTCTTATGG	18320-C	60
CCATAAGACAAAGACGACTCTGTCA	18320-C	60
GAACAATGTTTGTTTTTCTTGTTTT	21307-T	0,1,2,3,4,5,6,7,8,9,10,11,12,13,14,15,16,17,18,20,21,22,23,24,25,26,27,28,29,30,31,32,33,34,35,36,37,38,39,40,42,43,44,45,46,47,48,49,50,51,52,53,54,55,56,57,58,59,60,61,62,63,64,65,66,67,68,69,70,71,72,73,74,75,76,77,78,79,80,81,83,84,85,86,87,88,89,90,91,92,93,94,95,96,97
AAAACAAGAAAAACAAACATTGTTC	21307-T	0,1,2,3,4,5,6,7,8,9,10,11,12,13,14,15,16,17,18,20,21,22,23,24,25,26,27,28,29,30,31,32,33,34,35,36,37,38,39,40,42,43,44,45,46,47,48,49,50,51,52,53,54,55,56,57,58,59,60,61,62,63,64,65,66,67,68,69,70,71,72,73,74,75,76,77,78,79,80,81,83,84,85,86,87,88,89,90,91,92,93,94,95,96,97
GAACAATGTTTGTTTTTTTTGTTTT	21307-T	19,82
AAAACAAAAAAAACAAACATTGTTC	21307-T	19,82
GAACAATGTTTGGTTTTCTTGTTTT	21307-G	41
AAAACAAGAAAACCAAACATTGTTC	21307-G	41
ATTGCCACTAGTCTCTAGTCAGTGT	21332-C	0,1,3,4,5,6,7,8,9,10,11,12,13,16,17,18,19,20,21,22,23,24,25,26,27,28,29,30,31,32,33,34,35,36,37,38,39,40,41,42,44,45,46,47,48,49,50,51,52,54,55,56,57,58,59,60,61,62,63,65,66,67,68,69,70,71,72,73,74,75,76,77,78,79,80,86,87,88,89,90,91,92,93,94,95,96,97
ACACTGACTAGAGACTAGTGGCAAT	21332-C	0,1,3,4,5,6,7,8,9,10,11,12,13,16,17,18,19,20,21,22,23,24,25,26,27,28,29,30,31,32,33,34,35,36,37,38,39,40,41,42,44,45,46,47,48,49,50,51,52,54,55,56,57,58,59,60,61,62,63,65,66,67,68,69,70,71,72,73,74,75,76,77,78,79,80,86,87,88,89,90,91,92,93,94,95,96,97
ATTGCCACTAGTTTCTAGTCAGTGT	21332-T	2,43,53
ACACTGACTAGAAACTAGTGGCAAT	21332-T	2,43,53
ATTGCCACTAGTCTCTATTCAGTGT	21332-C	14,15
ACACTGAATAGAGACTAGTGGCAAT	21332-C	14,15
ATTGCCACTAGTCTTTAGTCAGTGT	21332-C	64
ACACTGACTAAAGACTAGTGGCAAT	21332-C	64
ATTGCTACTAGTCTCTAGTCAGTGT	21332-C	81,82,83,84,85
ACACTGACTAGAGACTAGTAGCAAT	21332-C	81,82,83,84,85
CAATTACCCCCTGCATACACTAATT	21378-G	0,1,2,10,11,12,14,15,16,17,18,19,20,21,22,37,39,43,44,45,46,47,48,49,50,51,52,53,54,55,56,57,58,59,60,62,63,64,65,66,69,70,71,72,73,74,75,76,77,78,79,80,81,82,83,84,85,86,88,89,90,91,92,93,94,95,96,97
AATTAGTGTATGCAGGGGGTAATTG	21378-G	0,1,2,10,11,12,14,15,16,17,18,19,20,21,22,37,39,43,44,45,46,47,48,49,50,51,52,53,54,55,56,57,58,59,60,62,63,64,65,66,69,70,71,72,73,74,75,76,77,78,79,80,81,82,83,84,85,86,88,89,90,91,92,93,94,95,96,97
ACCAGAACTCAATCATACACTAATT	21378-T	3,4,5,6,7,8,9,23,24,25,26,27,28,29,30,31,32,33,34,35,36,38,40,41,42
AATTAGTGTATGATTGAGTTCTGGT	21378-T	3,4,5,6,7,8,9,23,24,25,26,27,28,29,30,31,32,33,34,35,36,38,40,41,42
CAATTACCCTCTGCATACACTAATT	21378-G	13,68
AATTAGTGTATGCAGAGGGTAATTG	21378-G	13,68
CAATTACCCCCTTCATACACTAATT	21378-T	61
AATTAGTGTATGAAGGGGGTAATTG	21378-T	61
CAATTACCTCCTGCATACACTAATT	21378-G	67
AATTAGTGTATGCAGGAGGTAATTG	21378-G	67
CAATTACCCCCTGCATACGCTAATT	21378-G	87
AATTAGCGTATGCAGGGGGTAATTG	21378-G	87
CTTGGTTCCATGCTATACATGTCTC	21499-C	0,3,6,7,8,9,10,12,13,14,15,16,18,19,20,21,22,23,25,26,27,28,29,30,31,32,33,34,35,37,38,61,62,63,65,66,67,69,70,71,72,73,74,75,77,78,79,80,81,82,83,84,85,86,87,89,90,91,92,93,94,95,96,97
GAGACATGTATAGCATGGAACCAAG	21499-C	0,3,6,7,8,9,10,12,13,14,15,16,18,19,20,21,22,23,25,26,27,28,29,30,31,32,33,34,35,37,38,61,62,63,65,66,67,69,70,71,72,73,74,75,77,78,79,80,81,82,83,84,85,86,87,89,90,91,92,93,94,95,96,97
CTTGGTTCCATGTTATCTCTGGGAC	21499-T	1,2,17,36,39,43,44,45,46,47,48,49,50,51,52,53,54,55,56,57,58,59,60
GTCCCAGAGATAACATGGAACCAAG	21499-T	1,2,17,36,39,43,44,45,46,47,48,49,50,51,52,53,54,55,56,57,58,59,60
CTTGGTTCCATGCTATCTCTGGGAC	21499-C	4,5,11,40,41,42,64,68,76
GTCCCAGAGATAGCATGGAACCAAG	21499-C	4,5,11,40,41,42,64,68,76
CTTGGTTCCATGCTACACATGTCTC	21499-C	24
GAGACATGTGTAGCATGGAACCAAG	21499-C	24
CTTGGTTCCATGCTATACATATCTC	21499-C	88
GAGATATGTATAGCATGGAACCAAG	21499-C	88
CGCCTATTAATTTAGTGCGTGATCT	21937-T	0,10,11,13,14,15,16,17,18,19,20,21,22,55,56,57,60,62,63,64,65,66,68,69,70,71,72,73,74,75,76,77,79,86,87,88,89,90,91,92,93,94,95,96,97
AGATCACGCACTAAATTAATAGGCG	21937-T	0,10,11,13,14,15,16,17,18,19,20,21,22,55,56,57,60,62,63,64,65,66,68,69,70,71,72,73,74,75,76,77,79,86,87,88,89,90,91,92,93,94,95,96,97
ACACGCCTATTATAGTGCGTGAGCC	21937-T	1,2,43,47,48,49,50,51,52,53,54,58,59,61
GGCTCACGCACTATAATAGGCGTGT	21937-T	1,2,43,47,48,49,50,51,52,53,54,58,59,61
CGCCTATTAATTTAGGGCGTGATCT	21937-T	3,4,5,6,8,9,24,26,27,28,29,30,31,32,33,34,35,36,37,38,40,41,42
AGATCACGCCCTAAATTAATAGGCG	21937-T	3,4,5,6,8,9,24,26,27,28,29,30,31,32,33,34,35,36,37,38,40,41,42
CGCCTGTTAATTTAGGGCGTGATCT	21937-T	7
AGATCACGCCCTAAATTAACAGGCG	21937-T	7
CGCCTATTAATTTAGTGCGTGGTCT	21937-T	12,83,84
AGACCACGCACTAAATTAATAGGCG	21937-T	12,83,84
CGCCTATTAATTTATCCGGCAGAGG	21937-T	23
CCTCTGCCGGATAAATTAATAGGCG	21937-T	23
CGCCTATTAATTCAGGGCGTGATCT	21937-C	25
AGATCACGCCCTGAATTAATAGGCG	21937-C	25
ACACGCCTATTATAGTGCGTGATCT	21937-T	39,46
AGATCACGCACTATAATAGGCGTGT	21937-T	39,46
ACACGCCTATTATAGTGCGTGGAGC	21937-T	44,45
GCTCCACGCACTATAATAGGCGTGT	21937-T	44,45
CGCCTACTAATTTAGTGCGTGATCT	21937-T	67,81
AGATCACGCACTAAATTAGTAGGCG	21937-T	67,81
CGCCTATTAATTTAGTGCGTACAGA	21937-T	78
TCTGTACGCACTAAATTAATAGGCG	21937-T	78
CGCCTATTAATTTAGTGCGTGCGGC	21937-T	80
GCCGCACGCACTAAATTAATAGGCG	21937-T	80
CGCCTATTAATTTAGTGCGTCATCT	21937-T	82
AGATGACGCACTAAATTAATAGGCG	21937-T	82
ACACGCCTGTTATAGTGCGTGATCT	21937-T	85
AGATCACGCACTATAACAGGCGTGT	21937-T	85
AATTTAGTGCGTGATCTCCCTCAGG	21963-G	0,10,11,13,14,15,16,17,18,19,20,21,22,55,56,57,60,62,63,64,65,66,67,68,69,70,71,72,73,74,75,76,77,79,81,86,87,88,89,90,91,92,93,94,95,96,97
CCTGAGGGAGATCACGCACTAAATT	21963-G	0,10,11,13,14,15,16,17,18,19,20,21,22,55,56,57,60,62,63,64,65,66,67,68,69,70,71,72,73,74,75,76,77,79,81,86,87,88,89,90,91,92,93,94,95,96,97
CGTGAGCCAGAAGATCTCCCTCAGG	21963-G	1,2,43,47,48,49,50,51,52,53,54,58,59,61
CCTGAGGGAGATCTTCTGGCTCACG	21963-G	1,2,43,47,48,49,50,51,52,53,54,58,59,61
AATTTAGGGCGTGATCTCCCTCAGG	21963-G	3,4,5,6,7,8,9,24,26,27,28,29,30,31,32,33,34,35,36,37,38,40,41,42
CCTGAGGGAGATCACGCCCTAAATT	21963-G	3,4,5,6,7,8,9,24,26,27,28,29,30,31,32,33,34,35,36,37,38,40,41,42
AATTTAGTGCGTGGTCTCCCTCAGG	21963-G	12,84
CCTGAGGGAGACCACGCACTAAATT	21963-G	12,84
GGCAGAGGGCGTGATCTCCCTCAGG	21963-G	23
CCTGAGGGAGATCACGCCCTCTGCC	21963-G	23
AATTCAGGGCGTGATCTCCCTCAGG	21963-G	25
CCTGAGGGAGATCACGCCCTGAATT	21963-G	25
ATTATAGTGCGTGATCTCCCTCAGG	21963-G	39,46
CCTGAGGGAGATCACGCACTATAAT	21963-G	39,46
CGTGGAGCCAGAAATCTCCCTCAGG	21963-A	44,45
CCTGAGGGAGATTTCTGGCTCCACG	21963-A	44,45
CGTACAGATCGAGATCTCCCTCAGG	21963-G	78
CCTGAGGGAGATCTCGATCTGTACG	21963-G	78
CGTGCGGCAGGCTATCTCCCTCAGG	21963-T	80
CCTGAGGGAGATAGCCTGCCGCACG	21963-T	80
AATTTAGTGCGTCATCTCCCTCAGG	21963-C	82
CCTGAGGGAGATGACGCACTAAATT	21963-C	82
AATTTAGTGCGTGGTCTTCCTCAGG	21963-G	83
CCTGAGGAAGACCACGCACTAAATT	21963-G	83
GTTATAGTGCGTGATCTCCCTCAGG	21963-G	85
CCTGAGGGAGATCACGCACTATAAC	21963-G	85
TGTGCCCTTTTGGTGAAGTTTTTAA	22336-G	0,10,11,12,13,14,15,16,17,18,19,20,21,22,55,56,57,58,62,63,64,65,66,67,68,69,70,71,72,73,74,75,76,77,78,79,80,81,82,83,84,85,86,87,88,89,90,91,92,93,94,95,96,97
TTAAAAACTTCACCAAAAGGGCACA	22336-G	0,10,11,12,13,14,15,16,17,18,19,20,21,22,55,56,57,58,62,63,64,65,66,67,68,69,70,71,72,73,74,75,76,77,78,79,80,81,82,83,84,85,86,87,88,89,90,91,92,93,94,95,96,97
TGTGCCCTTTTGATGAAGTTTTTAA	22336-A	1,2,3,4,5,6,8,9,23,24,25,26,27,28,29,30,31,32,33,34,35,36,37,38,39,40,41,42,43,44,45,46,47,48,49,50,51,52,53,54,59,60,61
TTAAAAACTTCATCAAAAGGGCACA	22336-A	1,2,3,4,5,6,8,9,23,24,25,26,27,28,29,30,31,32,33,34,35,36,37,38,39,40,41,42,43,44,45,46,47,48,49,50,51,52,53,54,59,60,61
TGTGCCCTTTTCATGAAGTTTTTAA	22336-A	7
TTAAAAACTTCATGAAAAGGGCACA	22336-A	7
AGTCAGACAAATCGCTCCAGGGCAA	22550-C	0,1,2,10,11,12,13,14,15,16,17,18,19,20,21,22,39,43,44,45,46,47,48,49,50,51,52,53,54,55,56,57,58,59,60,61,62,63,64,65,66,67,68,69,70,71,72,73,74,75,76,77,79,80,81,82,83,84,85,87,88,89,90,91,92,93,94,95,96,97
TTGCCCTGGAGCGATTTGTCTGACT	22550-C	0,1,2,10,11,12,13,14,15,16,17,18,19,20,21,22,39,43,44,45,46,47,48,49,50,51,52,53,54,55,56,57,58,59,60,61,62,63,64,65,66,67,68,69,70,71,72,73,74,75,76,77,79,80,81,82,83,84,85,87,88,89,90,91,92,93,94,95,96,97
AGTCAGCCAAATTGCTCCAGGGCAA	22550-T	3,8,23,25,28,29,33,36,37,38
TTGCCCTGGAGCAATTTGGCTGACT	22550-T	3,8,23,25,28,29,33,36,37,38
AGTCAGCCAAATCGCTCCAGGGCAA	22550-C	4,5,6,7,9,24,26,27,30,31,32,34,35,40,41,42
TTGCCCTGGAGCGATTTGGCTGACT	22550-C	4,5,6,7,9,24,26,27,30,31,32,34,35,40,41,42
AGTCAGACAAATCGCTCCAGGGAAA	22550-C	78
TTTCCCTGGAGCGATTTGTCTGACT	22550-C	78
AGTCAGACAAATTGCTCCAGGGCAA	22550-T	86
TTGCCCTGGAGCAATTTGTCTGACT	22550-T	86
GGCAAACTGGAAAGATTGCTGATTA	22570-A	0,10,11,14,15,16,17,18,19,20,21,22,47,53,54,55,56,57,58,59,62,63,64,65,66,67,68,69,70,71,72,73,74,75,76,77,79,80,81,82,83,84,85,86,87,88,89,90,91,92,93,94,95,96,97
TAATCAGCAATCTTTCCAGTTTGCC	22570-A	0,10,11,14,15,16,17,18,19,20,21,22,47,53,54,55,56,57,58,59,62,63,64,65,66,67,68,69,70,71,72,73,74,75,76,77,79,80,81,82,83,84,85,86,87,88,89,90,91,92,93,94,95,96,97
GGCAAACTGGAAATATTGCTGATTA	22570-A	1,2,3,4,5,6,7,8,9,12,23,24,25,26,28,29,30,31,32,33,34,35,36,37,38,39,40,41,42,43,44,45,46,48,49,50,51,52,60,61
TAATCAGCAATATTTCCAGTTTGCC	22570-A	1,2,3,4,5,6,7,8,9,12,23,24,25,26,28,29,30,31,32,33,34,35,36,37,38,39,40,41,42,43,44,45,46,48,49,50,51,52,60,61
GGCAAACTGGAACGATTGCTGATTA	22570-C	13
TAATCAGCAATCGTTCCAGTTTGCC	22570-C	13
GGCAAACTGGAACTATTGCTGATTA	22570-C	27
TAATCAGCAATAGTTCCAGTTTGCC	22570-C	27
GGAAAACTGGAAAGATTGCTGATTA	22570-A	78
TAATCAGCAATCTTTCCAGTTTTCC	22570-A	78
GCAAACTGGAAAGATTGCTGATTAT	22571-G	0,10,11,14,15,16,17,18,19,20,21,22,47,53,54,55,56,57,58,59,62,63,64,65,66,67,68,69,70,71,72,73,74,75,76,77,79,80,81,82,83,84,85,86,87,88,89,90,91,92,93,94,95,96,97
ATAATCAGCAATCTTTCCAGTTTGC	22571-G	0,10,11,14,15,16,17,18,19,20,21,22,47,53,54,55,56,57,58,59,62,63,64,65,66,67,68,69,70,71,72,73,74,75,76,77,79,80,81,82,83,84,85,86,87,88,89,90,91,92,93,94,95,96,97
GCAAACTGGAAATATTGCTGATTAT	22571-T	1,2,3,4,5,6,7,8,9,12,23,24,25,26,28,29,30,31,32,33,34,35,36,37,38,39,40,41,42,43,44,45,46,48,49,50,51,52,60,61
ATAATCAGCAATATTTCCAGTTTGC	22571-T	1,2,3,4,5,6,7,8,9,12,23,24,25,26,28,29,30,31,32,33,34,35,36,37,38,39,40,41,42,43,44,45,46,48,49,50,51,52,60,61
GCAAACTGGAACGATTGCTGATTAT	22571-G	13
ATAATCAGCAATCGTTCCAGTTTGC	22571-G	13
GCAAACTGGAACTATTGCTGATTAT	22571-T	27
ATAATCAGCAATAGTTCCAGTTTGC	22571-T	27
GAAAACTGGAAAGATTGCTGATTAT	22571-G	78
ATAATCAGCAATCTTTCCAGTTTTC	22571-G	78
GAATTCTAACAATCTTGATTCTAAG	22640-T	0,10,11,12,13,14,15,16,17,18,19,20,21,22,53,54,55,56,57,58,59,62,63,64,65,66,68,69,70,71,72,73,75,77,78,79,80,81,82,83,84,85,86,87,88,89,90,91,92,93,94,95,96,97
CTTAGAATCAAGATTGTTAGAATTC	22640-T	0,10,11,12,13,14,15,16,17,18,19,20,21,22,53,54,55,56,57,58,59,62,63,64,65,66,68,69,70,71,72,73,75,77,78,79,80,81,82,83,84,85,86,87,88,89,90,91,92,93,94,95,96,97
GAATTCTAACAAGCTTGATTCTAAG	22640-G	1,2,3,4,5,6,7,8,9,23,24,25,26,27,28,29,30,31,32,33,34,35,36,37,38,39,40,41,42,43,44,45,46,47,48,49,50,51,52,60,61,67
CTTAGAATCAAGCTTGTTAGAATTC	22640-G	1,2,3,4,5,6,7,8,9,23,24,25,26,27,28,29,30,31,32,33,34,35,36,37,38,39,40,41,42,43,44,45,46,47,48,49,50,51,52,60,61,67
GAATTCTAAAAATCTTGATTCTAAG	22640-T	74,76
CTTAGAATCAAGATTTTTAGAATTC	22640-T	74,76
ATTATAATTACCTGTATAGATTGTT	22675-T	0,1,2,3,7,11,12,13,16,17,18,19,22,23,24,25,26,27,28,30,31,32,33,34,35,36,37,38,39,43,44,45,46,47,48,49,50,51,52,53,59,60,61,62,65,66,67,68,69,71,72,73,74,75,76,77,79,84,85
AACAATCTATACAGGTAATTATAAT	22675-T	0,1,2,3,7,11,12,13,16,17,18,19,22,23,24,25,26,27,28,30,31,32,33,34,35,36,37,38,39,43,44,45,46,47,48,49,50,51,52,53,59,60,61,62,65,66,67,68,69,71,72,73,74,75,76,77,79,84,85
ATTATAATTACCGGTATAGATTGTT	22675-G	4,5,8,10,14,15,20,40,41,42,54,55,56,57,58,63,64,70,80,86,87,88,89,90,91,92,93,94,95,96,97
AACAATCTATACCGGTAATTATAAT	22675-G	4,5,8,10,14,15,20,40,41,42,54,55,56,57,58,63,64,70,80,86,87,88,89,90,91,92,93,94,95,96,97
ATTATAATTACCAGTATAGATTGTT	22675-A	6,21
AACAATCTATACTGGTAATTATAAT	22675-A	6,21
ATTATAATTACATGTATAGATTGTT	22675-T	9,29
AACAATCTATACATGTAATTATAAT	22675-T	9,29
ATTATAAGTACCTGTATAGATTGTT	22675-T	78
AACAATCTATACAGGTACTTATAAT	22675-T	78
ATAATAATTACCTGTATAGATTGTT	22675-T	81,82
AACAATCTATACAGGTAATTATTAT	22675-T	81,82
ATCATAATTACCTGTATAGATTGTT	22675-T	83
AACAATCTATACAGGTAATTATGAT	22675-T	83
ACAAGTCAAACAAATTTACAAAACA	23693-A	0,1,2,3,4,5,6,7,8,9,10,11,12,13,14,15,16,17,18,19,20,21,22,23,24,25,26,27,28,29,31,32,33,34,35,36,37,38,39,40,41,42,43,44,45,46,47,48,49,50,51,52,53,54,55,56,57,58,59,60,61,62,63,64,65,66,67,68,69,70,71,72,73,74,75,76,77,78,79,80,81,82,83,84,85,86,87,88,89,90,91,92,93,94,95,96,97
TGTTTTGTAAATTTGTTTGACTTGT	23693-A	0,1,2,3,4,5,6,7,8,9,10,11,12,13,14,15,16,17,18,19,20,21,22,23,24,25,26,27,28,29,31,32,33,34,35,36,37,38,39,40,41,42,43,44,45,46,47,48,49,50,51,52,53,54,55,56,57,58,59,60,61,62,63,64,65,66,67,68,69,70,71,72,73,74,75,76,77,78,79,80,81,82,83,84,85,86,87,88,89,90,91,92,93,94,95,96,97
ACAAGTCAAACATATTTACAAAACA	23693-T	30
TGTTTTGTAAATATGTTTGACTTGT	23693-T	30
TGAACCACAAATCATTACTACAGAC	24674-C	0,1,2,3,4,5,6,7,8,9,10,12,13,14,15,16,17,18,19,20,21,22,23,24,25,26,27,28,29,30,31,32,33,34,36,37,38,39,40,41,42,43,44,45,46,47,48,49,50,51,52,53,54,55,56,57,58,59,60,61,62,63,64,65,67,69,70,71,72,73,74,75,77,78,79,80,81,82,83,84,85,86,87,88,89,90,91,92,93,94,95,96,97
GTCTGTAGTAATGATTTGTGGTTCA	24674-C	0,1,2,3,4,5,6,7,8,9,10,12,13,14,15,16,17,18,19,20,21,22,23,24,25,26,27,28,29,30,31,32,33,34,36,37,38,39,40,41,42,43,44,45,46,47,48,49,50,51,52,53,54,55,56,57,58,59,60,61,62,63,64,65,67,69,70,71,72,73,74,75,77,78,79,80,81,82,83,84,85,86,87,88,89,90,91,92,93,94,95,96,97
TGAACCACAAATCATTACTACACAC	24674-C	11,68
GTGTGTAGTAATGATTTGTGGTTCA	24674-C	11,68
TGAACCACAAATTATTACTACAGAC	24674-T	35
GTCTGTAGTAATAATTTGTGGTTCA	24674-T	35
TGAACCACAAATCATTACTACTGAC	24674-C	66
GTCAGTAGTAATGATTTGTGGTTCA	24674-C	66
TGAACCACAAATCATTACCACAGAC	24674-C	76
GTCTGTGGTAATGATTTGTGGTTCA	24674-C	76
AATCATACATCACCAGATGTTGATT	24816-C	0,1,2,3,4,5,6,7,8,9,10,11,12,13,14,15,16,17,18,19,20,21,22,23,24,25,26,27,28,29,30,31,34,35,36,37,38,39,40,41,42,43,44,45,46,47,48,49,50,51,52,53,54,55,56,57,58,59,60,61,62,63,64,65,66,67,68,69,70,71,72,73,74,75,76,77,78,79,80,81,82,83,84,85,86,87,88,89,90,91,92,93,94,95,96,97
AATCAACATCTGGTGATGTATGATT	24816-C	0,1,2,3,4,5,6,7,8,9,10,11,12,13,14,15,16,17,18,19,20,21,22,23,24,25,26,27,28,29,30,31,34,35,36,37,38,39,40,41,42,43,44,45,46,47,48,49,50,51,52,53,54,55,56,57,58,59,60,61,62,63,64,65,66,67,68,69,70,71,72,73,74,75,76,77,78,79,80,81,82,83,84,85,86,87,88,89,90,91,92,93,94,95,96,97
AATCATACATCACTAGATGTTGATT	24816-C	32
AATCAACATCTAGTGATGTATGATT	24816-C	32
AATCATACATCATCAGATGTTGATT	24816-T	33
AATCAACATCTGATGATGTATGATT	24816-T	33
ATCATACATCACCAGATGTTGATTT	24817-C	0,1,2,3,4,5,6,7,8,9,10,11,12,13,14,15,16,17,18,19,20,21,22,23,24,25,26,27,28,29,30,31,34,35,36,37,38,39,40,41,42,43,44,45,46,47,48,49,50,51,52,53,54,55,56,57,58,59,60,61,62,63,64,65,66,67,68,69,70,71,72,73,74,75,76,77,78,79,80,81,82,83,84,85,86,87,88,89,90,91,92,93,94,95,96,97
AAATCAACATCTGGTGATGTATGAT	24817-C	0,1,2,3,4,5,6,7,8,9,10,11,12,13,14,15,16,17,18,19,20,21,22,23,24,25,26,27,28,29,30,31,34,35,36,37,38,39,40,41,42,43,44,45,46,47,48,49,50,51,52,53,54,55,56,57,58,59,60,61,62,63,64,65,66,67,68,69,70,71,72,73,74,75,76,77,78,79,80,81,82,83,84,85,86,87,88,89,90,91,92,93,94,95,96,97
ATCATACATCACTAGATGTTGATTT	24817-T	32
AAATCAACATCTAGTGATGTATGAT	24817-T	32
ATCATACATCATCAGATGTTGATTT	24817-C	33
AAATCAACATCTGATGATGTATGAT	24817-C	33
TCCAAGGGTGTTCACTTTGTTTGCA	25395-C	0,1,2,3,4,5,6,7,8,9,10,11,12,13,14,15,16,17,18,19,20,21,22,23,24,25,26,27,28,29,30,31,32,34,35,36,37,39,40,41,42,43,44,45,46,47,48,49,50,51,52,53,54,55,56,57,58,59,60,61,62,63,64,65,66,67,68,69,70,71,72,73,74,75,76,77,78,79,81,82,83,84,85,86,87,88,89,90,92,93,94,95,96,97
TGCAAACAAAGTGAACACCCTTGGA	25395-C	0,1,2,3,4,5,6,7,8,9,10,11,12,13,14,15,16,17,18,19,20,21,22,23,24,25,26,27,28,29,30,31,32,34,35,36,37,39,40,41,42,43,44,45,46,47,48,49,50,51,52,53,54,55,56,57,58,59,60,61,62,63,64,65,66,67,68,69,70,71,72,73,74,75,76,77,78,79,81,82,83,84,85,86,87,88,89,90,92,93,94,95,96,97
TCCAAGGGTGTTTACTTTGTTTGCA	25395-T	33,38
TGCAAACAAAGTAAACACCCTTGGA	25395-T	33,38
TTCAAGGGTGTTCACTTTGTTTGCA	25395-C	80
TGCAAACAAAGTGAACACCCTTGAA	25395-C	80
TCTAAGGGTGTTCACTTTGTTTGCA	25395-C	91
TGCAAACAAAGTGAACACCCTTAGA	25395-C	91
